0.0,0.0,0.6412182536576824,0.0,0.0,0.0,0.5617197945297299,0.0,0.0,0.0,0.55323234428746,0.8564954905180383,0.4689832724139348,0.8901556369880582,0.0,0.0,0.5359148022127805,0.0,0.7159434112125272,0.0,0.0,0.0,0.0,0.0,0.0,0.0,0.0,0.0,0.5973053297822633,0.0,0.0,0.0,0.6864258665032162,0.6222252873491965,0.0,0.0,0.0,0.0,0.0,0.0,0.0,0.0,0.0,0.0,0.0,0.0,0.0,0.0,0.0,0.0,0.0,0.0,0.0,0.0,0.0,0.0,0.5333722122304249,0.0,0.0,0.0,0.6978233758464722,0.6395557391187777,0.6483938898243553,0.0,0.0,0.0,0.6596189237839819,0.0,0.0,0.0,0.6743095366690353,0.0,0.0,0.0,0.0,0.0,0.695666263464711,0.0,0.6756658760188856,0.0,0.7112827633876093,0.0,0.0,0.0,0.6872805409983549,0.0,0.0,0.0,0.0,0.0
0.0,0.0,0.6506041752711927,0.568644582771214,0.0,0.0,0.0,0.605168682288999,0.0,0.0,0.0,0.5066930801400694,0.7024958950114801,0.0,0.0,0.0,0.0,0.0,0.5585394842166194,0.5452849315344482,0.0,0.0,0.6404316456451477,0.0,0.0,0.0,0.0,0.0,0.7109889244736355,0.0,0.6392686107664995,0.6326186765935453,0.0,0.5835342653213514,0.0,0.0,0.0,0.0,0.0,0.0,0.0,0.0,0.0,0.0,0.0,0.0,0.0,0.0,0.0,0.0,0.0,0.0,0.0,0.0,0.0,0.0,0.0,0.6213526663634258,0.0,0.6741071039741868,0.0,0.0,0.0,0.0,0.0,0.0,0.0,0.0,0.5855734236960317,0.0,0.0,0.6074702344744647,0.0,0.0,0.0,0.0,0.0,0.0,0.0,0.0,0.0,0.0,0.0,0.0,0.0,0.0,0.0,0.0,0.0,0.0
0.6412182536576824,0.6506041752711927,0.0,0.6638965116702557,0.0,0.0,0.5906895218376091,0.6849003528081686,0.0,0.0,0.5171832998450991,0.0,0.0,0.0,0.0,0.0,0.0,0.0,0.6289789330206904,0.6478032209146356,0.0,0.0,0.5036396505858569,0.536708089791345,0.0,0.0,0.0,0.0,0.0,0.0,0.5648632045024304,0.6823424974602926,0.7207513659402573,0.6632595197376527,0.0,0.0,0.0,0.0,0.0,0.0,0.0,0.0,0.0,0.0,0.0,0.0,0.0,0.0,0.0,0.0,0.0,0.0,0.0,0.0,0.0,0.0,0.0,0.0,0.0,0.0,0.0,0.0,0.0,0.0,0.0,0.0,0.0,0.0,0.7719108750618945,0.0,0.0,0.0,0.0,0.0,0.0,0.0,0.0,0.0,0.0,0.0,0.0,0.0,0.0,0.0,0.0,0.0,0.0,0.0,0.0,0.0
0.0,0.568644582771214,0.6638965116702557,0.0,0.0,0.0,0.6484777176031361,0.5173514513333174,0.0,0.0,0.0,0.0,0.0,0.0,0.0,0.0,0.0,0.0,0.0,0.5575229968469659,0.0,0.0,0.0,0.5217275434462376,0.6200208755810719,0.6239858876732561,0.0,0.0,0.0,0.0,0.6512383156025209,0.6245741699166915,0.6371565660831474,0.6534359083241187,0.0,0.0,0.0,0.0,0.0,0.0,0.0,0.0,0.0,0.0,0.0,0.0,0.0,0.0,0.0,0.0,0.0,0.0,0.0,0.0,0.0,0.0,0.0,0.0,0.0,0.0,0.0,0.0,0.0,0.0,0.0,0.0,0.0,0.0,0.0,0.0,0.0,0.0,0.0,0.0,0.0,0.0,0.0,0.0,0.0,0.0,0.0,0.0,0.0,0.0,0.0,0.0,0.0,0.0,0.0,0.0
0.0,0.0,0.0,0.0,0.0,0.0,0.0,0.0,0.41187045671339,0.0,0.0,0.0,0.0,0.0,0.4445072657715635,0.0,0.0,0.0,0.0,0.0,0.0,0.0,0.0,0.0,0.5078676609043141,0.0,0.4038040206028192,0.0,0.6272621605683986,0.0,0.5341166506393243,0.5768032154903941,0.0,0.0,0.0,0.0,0.0,0.0,0.0,0.0,0.0,0.0,0.0,0.0,0.0,0.0,0.0,0.0,0.0,0.0,0.0,0.0,0.0,0.0,0.0,0.0,0.0,0.0,0.0,0.0,0.0,0.0,0.0,0.0,0.0,0.0,0.0,0.0,0.0,0.0,0.46467369700031697,0.5643218187017001,0.0,0.0,0.0,0.0,0.0,0.731408404319866,0.0,0.0,0.0,0.0,0.0,0.0,0.0,0.0,0.0,0.0,0.0,0.0
0.0,0.0,0.0,0.0,0.0,0.0,0.0,0.0,0.0,0.0,0.0,0.0,0.0,0.0,0.0,0.39153297590164454,0.0,0.0,0.0,0.0,0.0,0.0,0.0,0.0,0.0,0.0,0.0,0.0,0.0,0.3796682998799693,0.0,0.0,0.0,0.0,0.0,0.0,0.0,0.0,0.0,0.0,0.0,0.0,0.0,0.0,0.0,0.0,0.0,0.0,0.0,0.0,0.0,0.0,0.0,0.0,0.0,0.0,0.0,0.0,0.0,0.0,0.0,0.0,0.0,0.0,0.0,0.0,0.0,0.0,0.0,0.0,0.0,0.0,0.0,0.0,0.0,0.0,0.0,0.0,0.0,0.0,0.0,0.0,0.0,0.0,0.0,0.0,0.0,0.0,0.0,0.0
0.5617197945297299,0.0,0.5906895218376091,0.6484777176031361,0.0,0.0,0.0,0.6410855302157377,0.0,0.0,0.5181557888668217,0.0,0.48488876042907303,0.0,0.0,0.0,0.0,0.0,0.6064894541120788,0.629837559463248,0.0,0.0,0.0,0.6434542655073254,0.0,0.0,0.0,0.0,0.0,0.0,0.0,0.6958787387553536,0.6600524446669245,0.6398786054739896,0.0,0.0,0.0,0.0,0.0,0.0,0.0,0.0,0.0,0.0,0.0,0.0,0.0,0.0,0.0,0.0,0.0,0.0,0.0,0.0,0.0,0.0,0.0,0.0,0.0,0.0,0.0,0.0,0.0,0.0,0.0,0.0,0.0,0.0,0.0,0.0,0.7186356637683137,0.0,0.0,0.0,0.0,0.0,0.0,0.0,0.0,0.0,0.0,0.0,0.0,0.0,0.0,0.0,0.0,0.0,0.0,0.0
0.0,0.605168682288999,0.6849003528081686,0.5173514513333174,0.0,0.0,0.6410855302157377,0.0,0.0,0.0,0.0,0.5381095278352704,0.649335460669212,0.42053636450283344,0.0,0.0,0.0,0.0,0.0,0.0,0.0,0.0,0.0,0.5324732604263609,0.0,0.5226532600079195,0.0,0.0,0.0,0.0,0.6648722242412455,0.630231529876335,0.6744908303196505,0.6699388068063383,0.0,0.0,0.0,0.0,0.0,0.0,0.0,0.0,0.0,0.0,0.0,0.0,0.0,0.0,0.0,0.0,0.0,0.0,0.0,0.0,0.0,0.0,0.0,0.6223089756474801,0.0,0.0,0.0,0.0,0.0,0.0,0.0,0.0,0.0,0.0,0.0,0.0,0.0,0.0,0.0,0.0,0.0,0.0,0.0,0.0,0.0,0.0,0.0,0.0,0.0,0.0,0.0,0.0,0.0,0.0,0.0,0.0
0.0,0.0,0.0,0.0,0.41187045671339,0.0,0.0,0.0,0.0,0.0,0.0,0.0,0.0,0.0,0.3809912413996713,0.0,0.0,0.0,0.0,0.0,0.0,0.0,0.0,0.0,0.0,0.0,0.0,0.0,0.0,0.0,0.4746751770433699,0.0,0.0,0.0,0.0,0.0,0.0,0.0,0.0,0.0,0.0,0.0,0.0,0.0,0.0,0.0,0.0,0.0,0.0,0.0,0.0,0.0,0.0,0.0,0.0,0.0,0.0,0.0,0.0,0.0,0.0,0.0,0.0,0.0,0.0,0.0,0.0,0.0,0.0,0.0,0.5583599573189679,0.0,0.6112729687571435,0.0,0.4817580741772782,0.0,0.0,0.0,0.0,0.0,0.0,0.0,0.0,0.0,0.0,0.0,0.0,0.0,0.0,0.0
0.0,0.0,0.0,0.0,0.0,0.0,0.0,0.0,0.0,0.0,0.0,0.0,0.0,0.0,0.0,0.505533733745679,0.0,0.0,0.0,0.0,0.0,0.0,0.0,0.0,0.0,0.0,0.0,0.0,0.0,0.0,0.0,0.0,0.0,0.0,0.0,0.0,0.0,0.0,0.0,0.0,0.0,0.0,0.0,0.0,0.0,0.0,0.0,0.0,0.0,0.0,0.0,0.0,0.0,0.0,0.0,0.0,0.0,0.0,0.0,0.0,0.0,0.0,0.0,0.0,0.0,0.0,0.0,0.0,0.0,0.0,0.0,0.0,0.0,0.0,0.0,0.0,0.0,0.0,0.0,0.0,0.0,0.0,0.0,0.0,0.0,0.0,0.0,0.0,0.0,0.0
0.55323234428746,0.0,0.5171832998450991,0.0,0.0,0.0,0.5181557888668217,0.0,0.0,0.0,0.0,0.0,0.4878134339865929,0.0,0.0,0.0,0.5553287361594665,0.0,0.0,0.0,0.0,0.0,0.0,0.0,0.0,0.0,0.0,0.0,0.5117937734356294,0.0,0.0,0.0,0.45724199013872885,0.8195651463034181,0.0,0.0,0.0,0.0,0.0,0.0,0.0,0.0,0.0,0.0,0.0,0.0,0.0,0.0,0.0,0.0,0.0,0.0,0.0,0.0,0.0,0.0,0.5504800841222377,0.7156168718708906,0.0,0.0,0.0,0.0,0.6883743160612568,0.0,0.0,0.0,0.0,0.0,0.0,0.0,0.0,0.0,0.7423158566853391,0.0,0.0,0.0,0.6956654575773943,0.0,0.6829766997829528,0.0,0.748260561966923,0.0,0.0,0.0,0.806318667992248,0.0,0.0,0.0,0.0,0.0
0.8564954905180383,0.5066930801400694,0.0,0.0,0.0,0.0,0.0,0.5381095278352704,0.0,0.0,0.0,0.0,0.0,0.46998963969862917,0.0,0.0,0.0,0.0,0.0,0.0,0.0,0.0,0.0,0.0,0.0,0.0,0.0,0.0,0.0,0.5593107493744688,0.541818810184866,0.0,0.0,0.0,0.0,0.0,0.0,0.0,0.0,0.0,0.0,0.0,0.0,0.0,0.0,0.0,0.0,0.0,0.0,0.0,0.0,0.0,0.0,0.0,0.0,0.0,0.0,0.0,0.0,0.0,0.0,0.0,0.0,0.0,0.0,0.0,0.0,0.0,0.0,0.0,0.0,0.5931335301041533,0.0,0.49664792720357875,0.0,0.9557338030209926,0.0,0.0,0.0,0.0,0.0,0.0,0.0,0.0,0.0,0.0,0.0,0.0,0.0,0.0
0.4689832724139348,0.7024958950114801,0.0,0.0,0.0,0.0,0.48488876042907303,0.649335460669212,0.0,0.0,0.4878134339865929,0.0,0.0,0.0,0.0,0.0,0.0,0.0,0.0,0.0,0.0,0.0,0.0,0.0,0.0,0.0,0.0,0.0,0.4625059376072741,0.0,0.0,0.0,0.0,0.6577659563751499,0.0,0.0,0.0,0.0,0.0,0.0,0.0,0.0,0.0,0.0,0.0,0.0,0.0,0.0,0.0,0.0,0.0,0.0,0.0,0.0,0.0,0.0,0.4937439122574686,0.6886794683933319,0.0,0.0,0.0,0.0,0.0,0.0,0.0,0.0,0.0,0.0,0.0,0.0,0.5666509260342673,0.0,0.7025033339713275,0.0,0.0,0.0,0.6920190809320087,0.0,0.0,0.0,0.8279595630540959,0.0,0.0,0.0,0.0,0.0,0.0,0.0,0.0,0.0
0.8901556369880582,0.0,0.0,0.0,0.0,0.0,0.0,0.42053636450283344,0.0,0.0,0.0,0.46998963969862917,0.0,0.0,0.0,0.3509227487266593,0.0,0.0,0.0,0.0,0.0,0.6897077341160772,0.0,0.0,0.0,0.0,0.0,0.0,0.0,0.5419590655736561,0.0,0.0,0.0,0.0,0.0,0.0,0.0,0.0,0.9057275341475379,0.0,0.0,0.0,0.0,0.0,0.0,0.0,0.0,0.0,0.0,0.0,0.0,0.0,0.0,0.0,0.0,0.0,0.0,0.0,0.0,0.0,0.0,0.0,0.0,0.0,0.0,0.0,0.0,0.0,0.0,0.0,0.0,0.779757040471816,0.0,0.6517590892853407,0.0,0.6905085846371531,0.0,0.0,0.0,0.0,0.0,0.0,0.0,0.0,0.0,0.0,0.0,0.0,0.0,0.0
0.0,0.0,0.0,0.0,0.4445072657715635,0.0,0.0,0.0,0.3809912413996713,0.0,0.0,0.0,0.0,0.0,0.0,0.0,0.0,0.0,0.0,0.0,0.414422252408557,0.0,0.0,0.0,0.0,0.0,0.4078533409066078,0.0,0.0,0.0,0.0,0.0,0.0,0.0,0.0,0.0,0.0,0.0,0.0,0.0,0.0,0.0,0.0,0.0,0.0,0.0,0.0,0.0,0.0,0.0,0.0,0.0,0.0,0.0,0.0,0.0,0.0,0.0,0.0,0.0,0.0,0.0,0.0,0.0,0.0,0.0,0.0,0.0,0.0,0.0,0.48802358460228296,0.508669611771534,0.6468733509337057,0.0,0.0,0.0,0.0,0.0,0.0,0.0,0.0,0.0,0.0,0.0,0.0,0.0,0.0,0.0,0.0,0.0
0.0,0.0,0.0,0.0,0.0,0.39153297590164454,0.0,0.0,0.0,0.505533733745679,0.0,0.0,0.0,0.3509227487266593,0.0,0.0,0.0,0.0,0.0,0.0,0.0,0.5268879498924063,0.0,0.0,0.0,0.0,0.0,0.5462428215974702,0.0,0.4848475826867509,0.0,0.0,0.0,0.0,0.0,0.0,0.0,0.5659595367077799,0.9527243253212121,0.0,0.0,0.4080914806087239,0.0,0.0,0.0,0.0,0.0,0.0,0.0,0.0,0.0,0.0,0.0,0.0,0.0,0.0,0.0,0.0,0.0,0.0,0.0,0.0,0.0,0.0,0.0,0.0,0.0,0.0,0.0,0.0,0.0,0.9089687664422323,0.0,0.5000104610372854,0.0,0.0,0.0,0.0,0.0,0.0,0.0,0.0,0.0,0.45390223811955493,0.0,0.0,0.0,0.0,0.0,0.0
0.5359148022127805,0.0,0.0,0.0,0.0,0.0,0.0,0.0,0.0,0.0,0.5553287361594665,0.0,0.0,0.0,0.0,0.0,0.0,0.0,0.0,0.0,0.0,0.0,0.0,0.0,0.0,0.0,0.0,0.0,0.5489349191749264,0.0,0.0,0.0,0.6632224179254136,0.6841752092013734,0.7083643819502938,0.0,0.0,0.0,0.0,0.0,0.0,0.0,0.0,0.0,0.0,0.0,0.0,0.0,0.0,0.0,0.0,0.0,0.0,0.0,0.0,0.0,0.5746183929832012,0.0,0.0,0.0,0.6329599078808805,0.0,0.3566123596768082,0.0,0.0,0.0,0.0,0.0,0.0,0.0,0.0,0.0,0.0,0.0,0.0,0.0,0.0,0.0,0.5218801506079412,0.0,0.7706932878110319,0.0,0.4727765220228082,0.0,0.7327576146665293,0.0,0.0,0.0,0.0,0.0
0.0,0.0,0.0,0.0,0.0,0.0,0.0,0.0,0.0,0.0,0.0,0.0,0.0,0.0,0.0,0.0,0.0,0.0,0.0,0.0,0.0,0.0,0.0,0.7977688854655898,0.0,0.0,0.0,0.0,0.7700915999420381,0.4936186122775383,0.7552035446643673,0.8096993187927498,0.0,0.0,0.0,0.0,0.0,0.0,0.0,0.0,0.0,0.0,0.0,0.0,0.0,0.0,0.0,0.0,0.0,0.0,0.0,0.0,0.0,0.0,0.0,0.0,0.0,0.0,0.0,0.0,0.0,0.5959628919886277,0.0,0.6670991698585745,0.0,0.0,0.0,0.0,0.0,0.0,0.0,0.0,0.7620626995830309,0.0,0.0,0.0,0.0,0.6813850878300942,0.0,0.5139159691996067,0.0,0.0,0.0,0.0,0.0,0.0,0.0,0.0,0.0,0.0
0.7159434112125272,0.5585394842166194,0.6289789330206904,0.0,0.0,0.0,0.6064894541120788,0.0,0.0,0.0,0.0,0.0,0.0,0.0,0.0,0.0,0.0,0.0,0.0,0.5019704719787556,0.0,0.0,0.46197431544134343,0.501772812616476,0.0,0.0,0.0,0.0,0.0,0.0,0.0,0.0,0.5697217286592903,0.6039429276801372,0.0,0.0,0.0,0.0,0.0,0.0,0.0,0.0,0.0,0.0,0.0,0.0,0.0,0.0,0.0,0.0,0.0,0.0,0.0,0.0,0.0,0.0,0.636468229829764,0.0,0.0,0.0,0.0,0.0,0.0,0.0,0.0,0.0,0.0,0.0,0.6420183447849405,0.0,0.6585369115763389,0.0,0.0,0.0,0.0,0.0,0.0,0.0,0.0,0.0,0.0,0.0,0.0,0.0,0.0,0.0,0.0,0.0,0.0,0.0
0.0,0.5452849315344482,0.6478032209146356,0.5575229968469659,0.0,0.0,0.629837559463248,0.0,0.0,0.0,0.0,0.0,0.0,0.0,0.0,0.0,0.0,0.0,0.5019704719787556,0.0,0.0,0.0,0.0,0.38310937673139855,0.0,0.0,0.0,0.0,0.0,0.0,0.0,0.0,0.5248214378424537,0.4677961694006136,0.0,0.0,0.0,0.0,0.0,0.0,0.0,0.0,0.0,0.0,0.0,0.0,0.0,0.0,0.0,0.0,0.0,0.0,0.0,0.0,0.0,0.0,0.0,0.5409406099792097,0.0,0.0,0.0,0.0,0.0,0.0,0.0,0.0,0.0,0.0,0.5376338063530267,0.6199586362836816,0.0,0.0,0.0,0.0,0.0,0.0,0.0,0.0,0.0,0.0,0.0,0.0,0.0,0.0,0.0,0.0,0.0,0.0,0.0,0.0
0.0,0.0,0.0,0.0,0.0,0.0,0.0,0.0,0.0,0.0,0.0,0.0,0.0,0.0,0.414422252408557,0.0,0.0,0.0,0.0,0.0,0.0,0.0,0.0,0.0,0.0,0.0,0.3537420060240077,0.0,0.0,0.0,0.0,0.0,0.0,0.0,0.0,0.0,0.0,0.0,0.0,0.0,0.0,0.0,0.0,0.0,0.0,0.0,0.0,0.0,0.0,0.0,0.0,0.0,0.0,0.0,0.0,0.0,0.0,0.0,0.0,0.0,0.0,0.0,0.0,0.0,0.0,0.0,0.0,0.0,0.0,0.0,0.0,0.548334533123906,0.6143417721617075,0.0,0.0,0.0,0.0,0.7683196397063781,0.0,0.0,0.0,0.0,0.0,0.0,0.0,0.0,0.0,0.0,0.0,0.0
0.0,0.0,0.0,0.0,0.0,0.0,0.0,0.0,0.0,0.0,0.0,0.0,0.0,0.6897077341160772,0.0,0.5268879498924063,0.0,0.0,0.0,0.0,0.0,0.0,0.0,0.0,0.0,0.0,0.0,0.4262509734576363,0.0,0.4311802452222118,0.0,0.0,0.0,0.0,0.0,0.0,0.0,0.0,0.0,0.44820565314454913,0.0,0.5211096758395758,0.0,0.0,0.0,0.0,0.0,0.0,0.0,0.0,0.0,0.0,0.0,0.0,0.0,0.881021012736894,0.0,0.0,0.0,0.0,0.0,0.0,0.0,0.0,0.0,0.0,0.0,0.0,0.0,0.0,0.0,0.36919596467423943,0.0,0.0,0.0,0.0,0.0,0.0,0.0,0.0,0.0,0.0,0.0,0.4714323019783758,0.0,0.0,0.0,0.0,0.0,0.0
0.0,0.6404316456451477,0.5036396505858569,0.0,0.0,0.0,0.0,0.0,0.0,0.0,0.0,0.0,0.0,0.0,0.0,0.0,0.0,0.0,0.46197431544134343,0.0,0.0,0.0,0.0,0.4755648456454576,0.0,0.0,0.0,0.0,0.5702350943779286,0.0,0.5506821758647598,0.45661807837719093,0.5663601711890635,0.6727737324128654,0.0,0.0,0.0,0.0,0.0,0.0,0.0,0.0,0.0,0.0,0.0,0.0,0.0,0.0,0.0,0.0,0.0,0.0,0.0,0.0,0.0,0.0,0.0,0.0,0.0,0.0,0.0,0.0,0.0,0.0,0.0,0.0,0.0,0.0,0.0,0.0,0.0,0.0,0.0,0.0,0.0,0.0,0.0,0.0,0.0,0.0,0.0,0.0,0.0,0.0,0.0,0.0,0.0,0.0,0.0,0.0
0.0,0.0,0.536708089791345,0.5217275434462376,0.0,0.0,0.6434542655073254,0.5324732604263609,0.0,0.0,0.0,0.0,0.0,0.0,0.0,0.0,0.0,0.7977688854655898,0.501772812616476,0.38310937673139855,0.0,0.0,0.4755648456454576,0.0,0.443176807802849,0.4942733182332781,0.0,0.0,0.0,0.8032794964444097,0.5149016468772254,0.5133523905019981,0.5884839477320084,0.5947754635208132,0.0,0.0,0.0,0.0,0.0,0.0,0.0,0.0,0.0,0.0,0.0,0.0,0.0,0.0,0.0,0.0,0.0,0.0,0.0,0.0,0.0,0.0,0.0,0.0,0.0,0.0,0.0,0.0,0.0,0.0,0.0,0.0,0.0,0.0,0.0,0.0,0.0,0.0,0.0,0.0,0.0,0.0,0.0,0.0,0.0,0.7880218178493192,0.0,0.0,0.0,0.0,0.0,0.0,0.0,0.0,0.0,0.0
0.0,0.0,0.0,0.6200208755810719,0.5078676609043141,0.0,0.0,0.0,0.0,0.0,0.0,0.0,0.0,0.0,0.0,0.0,0.0,0.0,0.0,0.0,0.0,0.0,0.0,0.443176807802849,0.0,0.4424882390819704,0.4479150532776755,0.0,0.0,0.0,0.5225525240933188,0.0,0.0,0.0,0.0,0.0,0.0,0.0,0.0,0.0,0.0,0.0,0.0,0.0,0.0,0.0,0.0,0.0,0.0,0.0,0.0,0.0,0.0,0.0,0.0,0.0,0.0,0.0,0.0,0.0,0.0,0.0,0.0,0.0,0.0,0.0,0.0,0.0,0.0,0.0,0.0,0.0,0.0,0.0,0.0,0.0,0.0,0.0,0.0,0.0,0.0,0.0,0.0,0.0,0.0,0.0,0.0,0.0,0.0,0.0
0.0,0.0,0.0,0.6239858876732561,0.0,0.0,0.0,0.5226532600079195,0.0,0.0,0.0,0.0,0.0,0.0,0.0,0.0,0.0,0.0,0.0,0.0,0.0,0.0,0.0,0.4942733182332781,0.4424882390819704,0.0,0.0,0.0,0.0,0.0,0.0,0.38692990252637927,0.0,0.0,0.0,0.0,0.0,0.0,0.0,0.0,0.0,0.0,0.0,0.0,0.0,0.0,0.0,0.0,0.0,0.0,0.0,0.0,0.0,0.0,0.0,0.0,0.0,0.0,0.0,0.0,0.0,0.0,0.0,0.0,0.0,0.0,0.0,0.0,0.0,0.0,0.0,0.0,0.0,0.0,0.0,0.0,0.0,0.0,0.0,0.0,0.0,0.0,0.0,0.0,0.0,0.0,0.0,0.0,0.0,0.0
0.0,0.0,0.0,0.0,0.4038040206028192,0.0,0.0,0.0,0.0,0.0,0.0,0.0,0.0,0.0,0.4078533409066078,0.0,0.0,0.0,0.0,0.0,0.3537420060240077,0.0,0.0,0.0,0.4479150532776755,0.0,0.0,0.0,0.0,0.0,0.6124309668400616,0.5338203785655671,0.0,0.0,0.0,0.0,0.0,0.0,0.0,0.0,0.0,0.0,0.0,0.0,0.0,0.0,0.0,0.0,0.0,0.0,0.0,0.0,0.0,0.0,0.0,0.0,0.0,0.0,0.0,0.0,0.0,0.0,0.0,0.0,0.0,0.0,0.0,0.0,0.0,0.0,0.43677415705349004,0.7447034528397067,0.0,0.0,0.0,0.0,0.0,0.0,0.0,0.0,0.0,0.0,0.0,0.0,0.0,0.0,0.0,0.0,0.0,0.0
0.0,0.0,0.0,0.0,0.0,0.0,0.0,0.0,0.0,0.0,0.0,0.0,0.0,0.0,0.0,0.5462428215974702,0.0,0.0,0.0,0.0,0.0,0.4262509734576363,0.0,0.0,0.0,0.0,0.0,0.0,0.0,0.0,0.0,0.0,0.0,0.0,0.0,0.0,0.0,0.5502888408628264,0.0,0.4958155540901494,0.0,0.5200491126328262,0.0,0.0,0.0,0.0,0.0,0.0,0.0,0.0,0.0,0.0,0.0,0.0,0.0,0.0,0.0,0.0,0.0,0.0,0.0,0.0,0.0,0.0,0.0,0.0,0.0,0.0,0.0,0.0,0.0,0.0,0.0,0.0,0.0,0.0,0.0,0.0,0.0,0.0,0.0,0.0,0.0,0.0,0.0,0.0,0.0,0.0,0.0,0.0
0.5973053297822633,0.7109889244736355,0.0,0.0,0.6272621605683986,0.0,0.0,0.0,0.0,0.0,0.5117937734356294,0.0,0.4625059376072741,0.0,0.0,0.0,0.5489349191749264,0.7700915999420381,0.0,0.0,0.0,0.0,0.5702350943779286,0.0,0.0,0.0,0.0,0.0,0.0,0.7680291638221686,0.7237556518659778,0.7326784982289852,0.6657882391594595,0.7111220353614056,0.0,0.0,0.4560632559552361,0.0,0.0,0.0,0.0,0.0,0.0,0.0,0.0,0.0,0.0,0.0,0.0,0.0,0.0,0.0,0.0,0.0,0.0,0.0,0.5606436405029667,0.7188994833797364,0.0,0.5708271890882858,0.0,0.6179816397172265,0.670466399535685,0.0,0.0,0.0,0.0,0.0,0.0,0.0,0.5614753317117435,0.0,0.5815172843457164,0.0,0.0,0.0,0.7407188049930918,0.0,0.7679050726732135,0.7582400350870939,0.7653098985434361,0.0,0.5602847881794928,0.0,0.672167286709136,0.0,0.0,0.0,0.0,0.0
0.0,0.0,0.0,0.0,0.0,0.3796682998799693,0.0,0.0,0.0,0.0,0.0,0.5593107493744688,0.0,0.5419590655736561,0.0,0.4848475826867509,0.0,0.4936186122775383,0.0,0.0,0.0,0.4311802452222118,0.0,0.8032794964444097,0.0,0.0,0.0,0.0,0.7680291638221686,0.0,0.7317916192368402,0.7828628991951201,0.0,0.0,0.0,0.0,0.0,0.42616979580830106,0.9433724679446697,0.0,0.0,0.6214205933655327,0.0,0.0,0.0,0.0,0.0,0.0,0.0,0.0,0.0,0.0,0.0,0.0,0.0,0.9312065760405052,0.0,0.0,0.0,0.0,0.0,0.6111169365743435,0.0,0.6117361989859769,0.0,0.0,0.0,0.0,0.0,0.0,0.0,0.8721190109592926,0.7796992335546682,0.5312820504872906,0.0,0.6981176332019375,0.0,0.0,0.0,0.48945539839891894,0.0,0.0,0.0,0.4672561009156894,0.0,0.0,0.0,0.0,0.0,0.0
0.0,0.6392686107664995,0.5648632045024304,0.6512383156025209,0.5341166506393243,0.0,0.0,0.6648722242412455,0.4746751770433699,0.0,0.0,0.541818810184866,0.0,0.0,0.0,0.0,0.0,0.7552035446643673,0.0,0.0,0.0,0.0,0.5506821758647598,0.5149016468772254,0.5225525240933188,0.0,0.6124309668400616,0.0,0.7237556518659778,0.7317916192368402,0.0,0.6068510960454955,0.6049439637102743,0.6462765293842789,0.8148631967535139,0.8778195168860514,0.0,0.0,0.0,0.0,0.0,0.0,0.0,0.0,0.0,0.0,0.0,0.8910763322518429,0.0,0.0,0.0,0.0,0.0,0.0,0.7830376837558689,0.0,0.0,0.0,0.0,0.0,0.0,0.0,0.0,0.0,0.0,0.0,0.8457957866041381,0.0,0.0,0.0,0.0,0.6383800735062221,0.7569608749456608,0.0,0.0,0.0,0.66590670459503,0.6860920741757284,0.0,0.7717693023572979,0.0,0.0,0.0,0.0,0.0,0.0,0.0,0.0,0.0,0.0
0.0,0.6326186765935453,0.6823424974602926,0.6245741699166915,0.5768032154903941,0.0,0.6958787387553536,0.630231529876335,0.0,0.0,0.0,0.0,0.0,0.0,0.0,0.0,0.0,0.8096993187927498,0.0,0.0,0.0,0.0,0.45661807837719093,0.5133523905019981,0.0,0.38692990252637927,0.5338203785655671,0.0,0.7326784982289852,0.7828628991951201,0.6068510960454955,0.0,0.6615101553425292,0.6260293389476816,0.0,0.9358550890621719,0.0,0.0,0.0,0.0,0.0,0.0,0.8951953928042012,0.0,0.0,0.0,0.0,0.0,0.0,0.0,0.0,0.0,0.0,0.0,0.0,0.0,0.0,0.0,0.0,0.0,0.0,0.0,0.0,0.0,0.0,0.0,0.0,0.0,0.0,0.0,0.0,0.4879961534378455,0.7751380198263778,0.0,0.0,0.0,0.0,0.0,0.0,0.7673180612520855,0.0,0.0,0.0,0.0,0.0,0.0,0.0,0.0,0.0,0.0
0.6864258665032162,0.0,0.7207513659402573,0.6371565660831474,0.0,0.0,0.6600524446669245,0.6744908303196505,0.0,0.0,0.45724199013872885,0.0,0.0,0.0,0.0,0.0,0.6632224179254136,0.0,0.5697217286592903,0.5248214378424537,0.0,0.0,0.5663601711890635,0.5884839477320084,0.0,0.0,0.0,0.0,0.6657882391594595,0.0,0.6049439637102743,0.6615101553425292,0.0,0.5341296688190574,0.8467038821296813,0.0,0.8407703042922025,0.0,0.0,0.0,0.0,0.0,0.0,0.0,0.0,0.0,0.0,0.0,0.0,0.0,0.0,0.0,0.0,0.0,0.0,0.0,0.6685691238222616,0.5802164582337275,0.65983291786226,0.5644372155663334,0.0,0.6075498158469992,0.0,0.0,0.0,0.640779912948672,0.6389187781818407,0.5682528750417473,0.6044986024829079,0.6370152723395451,0.7559223651552922,0.0,0.0,0.0,0.0,0.0,0.7740318774927296,0.7363350569506619,0.6773727143602146,0.0,0.7030260758789402,0.0,0.0,0.0,0.6641362321513394,0.0,0.0,0.0,0.0,0.0
0.6222252873491965,0.5835342653213514,0.6632595197376527,0.6534359083241187,0.0,0.0,0.6398786054739896,0.6699388068063383,0.0,0.0,0.8195651463034181,0.0,0.6577659563751499,0.0,0.0,0.0,0.6841752092013734,0.0,0.6039429276801372,0.4677961694006136,0.0,0.0,0.6727737324128654,0.5947754635208132,0.0,0.0,0.0,0.0,0.7111220353614056,0.0,0.6462765293842789,0.6260293389476816,0.5341296688190574,0.0,0.866883595001329,0.9141984172063142,0.6535031689194059,0.0,0.0,0.0,0.0,0.0,0.8205063452002824,0.0,0.0,0.0,0.8100751412433757,0.9051549667067803,0.0,0.0,0.0,0.0,0.0,0.0,0.0,0.0,0.6954397471373566,0.6953807933805656,0.0,0.6453590266740953,0.0,0.6461819926028843,0.0,0.0,0.0,0.6841992308425475,0.8055641869875544,0.5959073787507662,0.5992742364798842,0.5714431969549858,0.7428413572072285,0.0,0.0,0.0,0.0,0.0,0.7010231204421842,0.7533947615774624,0.7341699786827307,0.0,0.7363466803254235,0.0,0.0,0.0,0.6897647351459082,0.0,0.0,0.0,0.0,0.0
0.0,0.0,0.0,0.0,0.0,0.0,0.0,0.0,0.0,0.0,0.0,0.0,0.0,0.0,0.0,0.0,0.7083643819502938,0.0,0.0,0.0,0.0,0.0,0.0,0.0,0.0,0.0,0.0,0.0,0.0,0.0,0.8148631967535139,0.0,0.8467038821296813,0.866883595001329,0.0,0.0,0.6065861140965965,0.0,0.0,0.0,0.0,0.0,0.0,0.0,0.0,0.0,0.6754660779556498,0.0,0.0,0.5799109339536599,0.0,0.0,0.0,0.0,0.6590358643102728,0.0,0.0,0.0,0.6332382334640059,0.5919665122824201,0.0,0.0,0.0,0.0,0.0,0.0,0.5919974924506181,0.6310022681078619,0.0,0.0,0.0,0.0,0.0,0.0,0.0,0.0,0.5567595270991234,0.9118398484931844,0.7632813561843715,0.0,0.7361159175918227,0.0,0.0,0.0,0.0,0.0,0.0,0.0,0.6041725280762618,0.0
0.0,0.0,0.0,0.0,0.0,0.0,0.0,0.0,0.0,0.0,0.0,0.0,0.0,0.0,0.0,0.0,0.0,0.0,0.0,0.0,0.0,0.0,0.0,0.0,0.0,0.0,0.0,0.0,0.0,0.0,0.8778195168860514,0.9358550890621719,0.0,0.9141984172063142,0.0,0.0,0.786778643676148,0.0,0.7032178925581731,0.0,0.0,0.0,0.5172407038185886,0.0,0.0,0.0,0.7350518673726447,0.6145901714292799,0.0,0.5837162408766194,0.0,0.0,0.0,0.0,0.732828424265577,0.0,0.0,0.0,0.6069371865078965,0.6417942461195364,0.0,0.0,0.0,0.0,0.0,0.698311061655804,0.5592902922348882,0.6067571016882565,0.0,0.0,0.9262583659239847,0.0,0.0,0.0,0.0,0.0,0.8334309955110528,0.48547907288863335,0.7723384757726252,0.0,0.7601276401527157,0.0,0.0,0.0,0.6942605015253742,0.0,0.0,0.0,0.0,0.0
0.0,0.0,0.0,0.0,0.0,0.0,0.0,0.0,0.0,0.0,0.0,0.0,0.0,0.0,0.0,0.0,0.0,0.0,0.0,0.0,0.0,0.0,0.0,0.0,0.0,0.0,0.0,0.0,0.4560632559552361,0.0,0.0,0.0,0.8407703042922025,0.6535031689194059,0.6065861140965965,0.786778643676148,0.0,0.7647900082370982,0.4981142391765072,0.0,0.46613790126795523,0.0,0.6925374369528781,0.0,0.6642986494413419,0.0,0.0,0.6893220705414866,0.0,0.0,0.0,0.738928030388151,0.0,0.7428996600550328,0.5972268177602067,0.8254708435393021,0.0,0.0,0.6077759912220274,0.0,0.6655142219739125,0.0,0.0,0.0,0.0,0.0,0.5251532929408146,0.7490807072901032,0.0,0.0,0.0,0.0,0.0,0.0,0.0,0.9844540772086544,0.6652181358741514,0.0,0.0,0.0,0.5245623760657666,0.0,0.5990922919202822,0.0,0.5885104180307988,0.7188231255564691,0.0,0.0,0.0,0.0
0.0,0.0,0.0,0.0,0.0,0.0,0.0,0.0,0.0,0.0,0.0,0.0,0.0,0.0,0.0,0.5659595367077799,0.0,0.0,0.0,0.0,0.0,0.0,0.0,0.0,0.0,0.0,0.0,0.5502888408628264,0.0,0.42616979580830106,0.0,0.0,0.0,0.0,0.0,0.0,0.7647900082370982,0.0,0.0,0.47603298868735683,0.0,0.4639072051750364,0.0,0.0,0.0,0.0,0.0,0.3812890632567302,0.0,0.0,0.0,0.0,0.0,0.0,0.0,0.4699008061197843,0.0,0.0,0.0,0.0,0.0,0.0,0.0,0.0,0.8237812697839525,0.0,0.7693413343479248,0.0,0.0,0.0,0.0,0.0,0.0,0.0,0.0,0.0,0.0,0.5590810714891791,0.0,0.0,0.8267788606458103,0.0,0.0,0.0,0.0,0.0,0.0,0.0,0.0,0.0
0.0,0.0,0.0,0.0,0.0,0.0,0.0,0.0,0.0,0.0,0.0,0.0,0.0,0.9057275341475379,0.0,0.9527243253212121,0.0,0.0,0.0,0.0,0.0,0.0,0.0,0.0,0.0,0.0,0.0,0.0,0.0,0.9433724679446697,0.0,0.0,0.0,0.0,0.0,0.7032178925581731,0.4981142391765072,0.0,0.0,0.0,0.0,0.0,0.0,0.0,0.6587605453067525,0.0,0.6310746429880443,0.0,0.0,0.0,0.0,0.0,0.0,0.0,0.5586056289679295,0.0,0.0,0.0,0.687889574840198,0.0,0.0,0.0,0.5415906045937128,0.0,0.6059981573076545,0.7050176249105968,0.667090677046082,0.7556805369689183,0.0,0.0,0.0,0.0,0.0,0.0,0.0,0.0,0.0,0.0,0.0,0.0,0.5189084721228854,0.0,0.0,0.0,0.5647983460712607,0.0,0.0,0.0,0.5026885175780297,0.0
0.0,0.0,0.0,0.0,0.0,0.0,0.0,0.0,0.0,0.0,0.0,0.0,0.0,0.0,0.0,0.0,0.0,0.0,0.0,0.0,0.0,0.44820565314454913,0.0,0.0,0.0,0.0,0.0,0.4958155540901494,0.0,0.0,0.0,0.0,0.0,0.0,0.0,0.0,0.0,0.47603298868735683,0.0,0.0,0.0,0.45006630747855686,0.0,0.0,0.0,0.0,0.0,0.3467363190941827,0.0,0.0,0.0,0.0,0.0,0.0,0.0,0.43306210059178474,0.0,0.0,0.0,0.0,0.8331067808443685,0.0,0.7928576686764772,0.0,0.0,0.0,0.0,0.0,0.0,0.0,0.0,0.0,0.0,0.0,0.0,0.0,0.0,0.0,0.0,0.0,0.8269240753411654,0.0,0.0,0.45477241044770916,0.8308472742798738,0.0,0.0,0.4731505467248042,0.0,0.5307199595816515
0.0,0.0,0.0,0.0,0.0,0.0,0.0,0.0,0.0,0.0,0.0,0.0,0.0,0.0,0.0,0.0,0.0,0.0,0.0,0.0,0.0,0.0,0.0,0.0,0.0,0.0,0.0,0.0,0.0,0.0,0.0,0.0,0.0,0.0,0.0,0.0,0.46613790126795523,0.0,0.0,0.0,0.0,0.0,0.0,0.0,0.0,0.0,0.0,0.0,0.0,0.0,0.0,0.0,0.0,0.0,0.0,0.0,0.0,0.0,0.0,0.0,0.0,0.0,0.0,0.0,0.0,0.0,0.0,0.0,0.0,0.0,0.0,0.0,0.8662289045434223,0.0,0.0,0.0,0.0,0.0,0.0,0.0,0.0,0.0,0.4776922176856621,0.0,0.0,0.0,0.0,0.0,0.0,0.0
0.0,0.0,0.0,0.0,0.0,0.0,0.0,0.0,0.0,0.0,0.0,0.0,0.0,0.0,0.0,0.4080914806087239,0.0,0.0,0.0,0.0,0.0,0.5211096758395758,0.0,0.0,0.0,0.0,0.0,0.5200491126328262,0.0,0.6214205933655327,0.0,0.0,0.0,0.0,0.0,0.0,0.0,0.4639072051750364,0.0,0.45006630747855686,0.0,0.0,0.0,0.0,0.0,0.0,0.0,0.0,0.0,0.0,0.0,0.0,0.0,0.0,0.0,0.0,0.0,0.0,0.0,0.0,0.0,0.0,0.0,0.0,0.0,0.0,0.0,0.0,0.0,0.0,0.0,0.0,0.0,0.5975690564066879,0.0,0.0,0.0,0.0,0.0,0.0,0.0,0.0,0.0,0.41464932665790005,0.0,0.0,0.0,0.0,0.0,0.0
0.0,0.0,0.0,0.0,0.0,0.0,0.0,0.0,0.0,0.0,0.0,0.0,0.0,0.0,0.0,0.0,0.0,0.0,0.0,0.0,0.0,0.0,0.0,0.0,0.0,0.0,0.0,0.0,0.0,0.0,0.0,0.8951953928042012,0.0,0.8205063452002824,0.0,0.5172407038185886,0.6925374369528781,0.0,0.0,0.0,0.0,0.0,0.0,0.5256722998706705,0.5548364784893952,0.5209891491922142,0.5625986921378718,0.5812654135635484,0.4855410332250293,0.0,0.6031510968978763,0.5247979276297692,0.61024738415951,0.0,0.6081928364366453,0.0,0.0,0.0,0.0,0.0,0.0,0.0,0.0,0.0,0.0,0.0,0.6087447762616592,0.4749597017597015,0.0,0.0,0.0,0.0,0.0,0.0,0.0,0.0,0.8130010236318707,0.0,0.0,0.0,0.49604851751603835,0.0,0.0,0.0,0.6554973370848421,0.0,0.0,0.0,0.6680643129074477,0.0
0.0,0.0,0.0,0.0,0.0,0.0,0.0,0.0,0.0,0.0,0.0,0.0,0.0,0.0,0.0,0.0,0.0,0.0,0.0,0.0,0.0,0.0,0.0,0.0,0.0,0.0,0.0,0.0,0.0,0.0,0.0,0.0,0.0,0.0,0.0,0.0,0.0,0.0,0.0,0.0,0.0,0.0,0.5256722998706705,0.0,0.5216170748925032,0.5709610903655397,0.6423603199682605,0.6141081423289989,0.0,0.5881014302175198,0.6372433384502012,0.645591680143324,0.5636794335232077,0.6467254706110718,0.6595835577290406,0.0,0.0,0.9451993525005367,0.0,0.0,0.0,0.8120607236093214,0.0,0.0,0.0,0.6575289170191778,0.577249119141916,0.6224300602168302,0.0,0.0,0.0,0.0,0.0,0.0,0.0,0.0,0.0,0.7103246098614262,0.0,0.0,0.0,0.0,0.0,0.0,0.0,0.7631649054670931,0.0,0.0,0.0,0.0
0.0,0.0,0.0,0.0,0.0,0.0,0.0,0.0,0.0,0.0,0.0,0.0,0.0,0.0,0.0,0.0,0.0,0.0,0.0,0.0,0.0,0.0,0.0,0.0,0.0,0.0,0.0,0.0,0.0,0.0,0.0,0.0,0.0,0.0,0.0,0.0,0.6642986494413419,0.0,0.6587605453067525,0.0,0.0,0.0,0.5548364784893952,0.5216170748925032,0.0,0.5222446596404658,0.6215828091837059,0.0,0.5166265091983514,0.0,0.6292390176543565,0.0,0.0,0.0,0.5277814309614158,0.0,0.0,0.0,0.5984666444014466,0.0,0.6365193571808823,0.0,0.0,0.0,0.6121076045541932,0.0,0.5288681700081286,0.5670431451922235,0.0,0.0,0.0,0.0,0.0,0.0,0.0,0.0,0.0,0.0,0.0,0.0,0.5640229119963301,0.0,0.0,0.0,0.0,0.0,0.0,0.0,0.0,0.0
0.0,0.0,0.0,0.0,0.0,0.0,0.0,0.0,0.0,0.0,0.0,0.0,0.0,0.0,0.0,0.0,0.0,0.0,0.0,0.0,0.0,0.0,0.0,0.0,0.0,0.0,0.0,0.0,0.0,0.0,0.0,0.0,0.0,0.0,0.0,0.0,0.0,0.0,0.0,0.0,0.0,0.0,0.5209891491922142,0.5709610903655397,0.5222446596404658,0.0,0.0,0.0,0.0,0.5661489047293963,0.0,0.6281597175674911,0.0,0.0,0.0,0.0,0.0,0.0,0.0,0.6038916143550229,0.0,0.0,0.0,0.0,0.0,0.0,0.6362598149713716,0.5409930856418002,0.0,0.0,0.0,0.0,0.0,0.0,0.0,0.0,0.0,0.0,0.0,0.0,0.0,0.0,0.0,0.0,0.0,0.0,0.0,0.0,0.0,0.0
0.0,0.0,0.0,0.0,0.0,0.0,0.0,0.0,0.0,0.0,0.0,0.0,0.0,0.0,0.0,0.0,0.0,0.0,0.0,0.0,0.0,0.0,0.0,0.0,0.0,0.0,0.0,0.0,0.0,0.0,0.0,0.0,0.0,0.8100751412433757,0.6754660779556498,0.7350518673726447,0.0,0.0,0.6310746429880443,0.0,0.0,0.0,0.5625986921378718,0.6423603199682605,0.6215828091837059,0.0,0.0,0.5390126175607496,0.0,0.0,0.5444471496772965,0.6528268434866095,0.5955025288589023,0.699401954121765,0.5730685786859853,0.0,0.0,0.0,0.6730588925403506,0.783121774997811,0.6011431511588893,0.0,0.5476796876876691,0.0,0.5607485763303146,0.0,0.6069693755070698,0.7259913847546267,0.0,0.0,0.0,0.0,0.0,0.0,0.0,0.0,0.8202225023886035,0.8335459894320276,0.0,0.0,0.49472910950226384,0.0,0.0,0.0,0.5834427351195619,0.7667814177882577,0.0,0.0,0.6655091386846834,0.0
0.0,0.0,0.0,0.0,0.0,0.0,0.0,0.0,0.0,0.0,0.0,0.0,0.0,0.0,0.0,0.0,0.0,0.0,0.0,0.0,0.0,0.0,0.0,0.0,0.0,0.0,0.0,0.0,0.0,0.0,0.8910763322518429,0.0,0.0,0.9051549667067803,0.0,0.6145901714292799,0.6893220705414866,0.3812890632567302,0.0,0.3467363190941827,0.0,0.0,0.5812654135635484,0.6141081423289989,0.0,0.0,0.5390126175607496,0.0,0.0,0.0,0.6652229402023863,0.572180304888869,0.6240816797791249,0.5587261246196251,0.655022266511585,0.5003402549238553,0.0,0.0,0.0,0.0,0.0,0.0,0.0,0.0,0.0,0.0,0.0,0.6455221568644164,0.0,0.0,0.0,0.0,1.0,0.0,0.0,0.0,0.0,0.579817946955567,0.0,0.0,0.0,0.0,0.0,0.0,0.0,0.0,0.0,0.0,0.0,0.0
0.0,0.0,0.0,0.0,0.0,0.0,0.0,0.0,0.0,0.0,0.0,0.0,0.0,0.0,0.0,0.0,0.0,0.0,0.0,0.0,0.0,0.0,0.0,0.0,0.0,0.0,0.0,0.0,0.0,0.0,0.0,0.0,0.0,0.0,0.0,0.0,0.0,0.0,0.0,0.0,0.0,0.0,0.4855410332250293,0.0,0.5166265091983514,0.0,0.0,0.0,0.0,0.0,0.6211656540124277,0.0,0.0,0.0,0.0,0.0,0.0,0.0,0.6210997882221119,0.0,0.7950705422614284,0.0,0.0,0.0,0.6278840111181454,0.0,0.5671061903769306,0.5654005918622429,0.0,0.0,0.0,0.0,0.0,0.0,0.0,0.0,0.0,0.0,0.0,0.0,0.0,0.0,0.0,0.0,0.0,0.0,0.0,0.0,0.0,0.0
0.0,0.0,0.0,0.0,0.0,0.0,0.0,0.0,0.0,0.0,0.0,0.0,0.0,0.0,0.0,0.0,0.0,0.0,0.0,0.0,0.0,0.0,0.0,0.0,0.0,0.0,0.0,0.0,0.0,0.0,0.0,0.0,0.0,0.0,0.5799109339536599,0.5837162408766194,0.0,0.0,0.0,0.0,0.0,0.0,0.0,0.5881014302175198,0.0,0.5661489047293963,0.0,0.0,0.0,0.0,0.0,0.5409114120618085,0.0,0.0,0.0,0.0,0.0,0.8619275274834697,0.0,0.552458227528336,0.0,0.0,0.0,0.0,0.0,0.5056913467074466,0.5667465786596388,0.564032892600792,0.0,0.0,0.0,0.0,0.0,0.0,0.0,0.0,0.0,0.0,0.0,0.0,0.0,0.0,0.0,0.0,0.0,0.0,0.0,0.0,0.0,0.0
0.0,0.0,0.0,0.0,0.0,0.0,0.0,0.0,0.0,0.0,0.0,0.0,0.0,0.0,0.0,0.0,0.0,0.0,0.0,0.0,0.0,0.0,0.0,0.0,0.0,0.0,0.0,0.0,0.0,0.0,0.0,0.0,0.0,0.0,0.0,0.0,0.0,0.0,0.0,0.0,0.0,0.0,0.6031510968978763,0.6372433384502012,0.6292390176543565,0.0,0.5444471496772965,0.6652229402023863,0.6211656540124277,0.0,0.0,0.0,0.0,0.0,0.0,0.0,0.0,0.0,0.0,0.0,0.7206843843059645,0.0,0.0,0.0,0.6568664156534313,0.0,0.691096448439097,0.0,0.0,0.0,0.0,0.0,0.0,0.0,0.0,0.0,0.0,0.0,0.0,0.0,0.0,0.0,0.0,0.0,0.5591420864577611,0.0,0.0,0.0,0.0,0.0
0.0,0.0,0.0,0.0,0.0,0.0,0.0,0.0,0.0,0.0,0.0,0.0,0.0,0.0,0.0,0.0,0.0,0.0,0.0,0.0,0.0,0.0,0.0,0.0,0.0,0.0,0.0,0.0,0.0,0.0,0.0,0.0,0.0,0.0,0.0,0.0,0.738928030388151,0.0,0.0,0.0,0.0,0.0,0.5247979276297692,0.645591680143324,0.0,0.6281597175674911,0.6528268434866095,0.572180304888869,0.0,0.5409114120618085,0.0,0.0,0.0,0.5402757529428448,0.7351928356617536,0.0,0.0,0.0,0.0,0.5595261692533842,0.0,0.8785318592827758,0.0,0.900309042288162,0.0,0.5135140948916818,0.0,0.586575730548476,0.0,0.0,0.0,0.0,0.0,0.0,0.0,0.0,0.0,0.7835464156224357,0.0,0.0,0.0,0.0,0.0,0.0,0.6263759169874072,0.5773193863168083,0.0,0.0,0.0,0.0
0.0,0.0,0.0,0.0,0.0,0.0,0.0,0.0,0.0,0.0,0.0,0.0,0.0,0.0,0.0,0.0,0.0,0.0,0.0,0.0,0.0,0.0,0.0,0.0,0.0,0.0,0.0,0.0,0.0,0.0,0.0,0.0,0.0,0.0,0.0,0.0,0.0,0.0,0.0,0.0,0.0,0.0,0.61024738415951,0.5636794335232077,0.0,0.0,0.5955025288589023,0.6240816797791249,0.0,0.0,0.0,0.0,0.0,0.0,0.5239438420522851,0.0,0.0,0.0,0.0,0.0,0.0,0.0,0.0,0.0,0.5123276737830132,0.0,0.0,0.0,0.0,0.0,0.0,0.0,0.0,0.0,0.0,0.0,0.0,0.0,0.0,0.0,0.0,0.0,0.0,0.0,0.469389532608603,0.0,0.0,0.0,0.4418412510470724,0.0
0.0,0.0,0.0,0.0,0.0,0.0,0.0,0.0,0.0,0.0,0.0,0.0,0.0,0.0,0.0,0.0,0.0,0.0,0.0,0.0,0.0,0.0,0.0,0.0,0.0,0.0,0.0,0.0,0.0,0.0,0.0,0.0,0.0,0.0,0.0,0.0,0.7428996600550328,0.0,0.0,0.0,0.0,0.0,0.0,0.6467254706110718,0.0,0.0,0.699401954121765,0.5587261246196251,0.0,0.0,0.0,0.5402757529428448,0.0,0.0,0.711555354772519,0.4966232236577521,0.0,0.0,0.0,0.0,0.0,0.0,0.0,0.0,0.0,0.0,0.0,0.0,0.0,0.0,0.0,0.0,0.0,0.0,0.0,0.0,0.0,0.0,0.0,0.0,0.0,0.0,0.0,0.0,0.0,0.4685058461700593,0.0,0.0,0.7288499600543354,0.49043918534090974
0.0,0.0,0.0,0.0,0.0,0.0,0.0,0.0,0.0,0.0,0.0,0.0,0.0,0.0,0.0,0.0,0.0,0.0,0.0,0.0,0.0,0.0,0.0,0.0,0.0,0.0,0.0,0.0,0.0,0.0,0.7830376837558689,0.0,0.0,0.0,0.6590358643102728,0.732828424265577,0.5972268177602067,0.0,0.5586056289679295,0.0,0.0,0.0,0.6081928364366453,0.6595835577290406,0.5277814309614158,0.0,0.5730685786859853,0.655022266511585,0.0,0.0,0.0,0.7351928356617536,0.5239438420522851,0.711555354772519,0.0,0.0,0.0,0.0,0.0,0.0,0.0,0.0,0.5352705417964934,0.0,0.0,0.0,0.6040546515583459,0.7448874741089327,0.0,0.0,0.0,0.0,0.0,0.0,0.0,0.0,0.0,0.0,0.0,0.0,0.4923249926579016,0.0,0.0,0.0,0.6022306031059207,0.6822612578196254,0.0,0.0,0.49396336157296805,0.0
0.0,0.0,0.0,0.0,0.0,0.0,0.0,0.0,0.0,0.0,0.0,0.0,0.0,0.0,0.0,0.0,0.0,0.0,0.0,0.0,0.0,0.881021012736894,0.0,0.0,0.0,0.0,0.0,0.0,0.0,0.9312065760405052,0.0,0.0,0.0,0.0,0.0,0.0,0.8254708435393021,0.4699008061197843,0.0,0.43306210059178474,0.0,0.0,0.0,0.0,0.0,0.0,0.0,0.5003402549238553,0.0,0.0,0.0,0.0,0.0,0.4966232236577521,0.0,0.0,0.0,0.0,0.0,0.0,0.8099449594460455,0.0,0.0,0.0,0.7571924125709123,0.0,0.0,0.0,0.0,0.0,0.0,0.0,0.0,0.7588973601766134,0.0,0.0,0.0,0.606203689569106,0.0,0.0,0.8253919595692533,0.0,0.0,0.4739907772395725,0.0,0.0,0.0,0.47393318729208694,0.0,0.4401325064722825
0.5333722122304249,0.0,0.0,0.0,0.0,0.0,0.0,0.0,0.0,0.0,0.5504800841222377,0.0,0.4937439122574686,0.0,0.0,0.0,0.5746183929832012,0.0,0.636468229829764,0.0,0.0,0.0,0.0,0.0,0.0,0.0,0.0,0.0,0.5606436405029667,0.0,0.0,0.0,0.6685691238222616,0.6954397471373566,0.0,0.0,0.0,0.0,0.0,0.0,0.0,0.0,0.0,0.0,0.0,0.0,0.0,0.0,0.0,0.0,0.0,0.0,0.0,0.0,0.0,0.0,0.0,0.6337788443730856,0.7455304327072467,0.0,0.7700988994213884,0.6662561187381975,0.6821686582673577,0.0,0.0,0.0,0.6627422950585935,0.0,0.6553697279277925,0.0,0.0,0.0,0.0,0.0,0.0,0.0,0.698973965965209,0.0,0.7253631026041784,0.0,0.6776759139653298,0.0,0.0,0.0,0.6695797995045343,0.0,0.0,0.0,0.0,0.0
0.0,0.6213526663634258,0.0,0.0,0.0,0.0,0.0,0.6223089756474801,0.0,0.0,0.7156168718708906,0.0,0.6886794683933319,0.0,0.0,0.0,0.0,0.0,0.0,0.5409406099792097,0.0,0.0,0.0,0.0,0.0,0.0,0.0,0.0,0.7188994833797364,0.0,0.0,0.0,0.5802164582337275,0.6953807933805656,0.0,0.0,0.0,0.0,0.0,0.0,0.0,0.0,0.0,0.9451993525005367,0.0,0.0,0.0,0.0,0.0,0.8619275274834697,0.0,0.0,0.0,0.0,0.0,0.0,0.6337788443730856,0.0,0.0,0.5288990726871615,0.0,0.5272306999673771,0.0,0.0,0.0,0.8399984347188655,0.0,0.0,0.5912573004479649,0.0,0.7038266474390219,0.6936445711478393,0.7149840023618698,0.0,0.0,0.0,0.0,0.0,0.0,0.0,0.0,0.0,0.0,0.0,0.0,0.0,0.0,0.0,0.0,0.0
0.0,0.0,0.0,0.0,0.0,0.0,0.0,0.0,0.0,0.0,0.0,0.0,0.0,0.0,0.0,0.0,0.0,0.0,0.0,0.0,0.0,0.0,0.0,0.0,0.0,0.0,0.0,0.0,0.0,0.0,0.0,0.0,0.65983291786226,0.0,0.6332382334640059,0.6069371865078965,0.6077759912220274,0.0,0.687889574840198,0.0,0.0,0.0,0.0,0.0,0.5984666444014466,0.0,0.6730588925403506,0.0,0.6210997882221119,0.0,0.0,0.0,0.0,0.0,0.0,0.0,0.7455304327072467,0.0,0.0,0.6246564789078367,0.520859928260531,0.0,0.0,0.0,0.7426343061581414,0.0,0.6437189684952301,0.649049525650076,0.0,0.0,0.0,0.0,0.0,0.0,0.0,0.0,0.6056204441214007,0.0,0.0,0.0,0.0,0.0,0.0,0.0,0.0,0.0,0.0,0.0,0.0,0.0
0.0,0.6741071039741868,0.0,0.0,0.0,0.0,0.0,0.0,0.0,0.0,0.0,0.0,0.0,0.0,0.0,0.0,0.0,0.0,0.0,0.0,0.0,0.0,0.0,0.0,0.0,0.0,0.0,0.0,0.5708271890882858,0.0,0.0,0.0,0.5644372155663334,0.6453590266740953,0.5919665122824201,0.6417942461195364,0.0,0.0,0.0,0.0,0.0,0.0,0.0,0.0,0.0,0.6038916143550229,0.783121774997811,0.0,0.0,0.552458227528336,0.0,0.5595261692533842,0.0,0.0,0.0,0.0,0.0,0.5288990726871615,0.6246564789078367,0.0,0.0,0.6753769344201448,0.0,0.6908456005139082,0.0,0.5281458005134433,0.6478054216069239,0.6093515474198821,0.0,0.0,0.7249049401667412,0.0,0.0,0.0,0.0,0.0,0.658784009025938,0.668570627112064,0.0,0.0,0.0,0.0,0.0,0.0,0.0,0.0,0.0,0.0,0.0,0.0
0.6978233758464722,0.0,0.0,0.0,0.0,0.0,0.0,0.0,0.0,0.0,0.0,0.0,0.0,0.0,0.0,0.0,0.6329599078808805,0.0,0.0,0.0,0.0,0.0,0.0,0.0,0.0,0.0,0.0,0.0,0.0,0.0,0.0,0.0,0.0,0.0,0.0,0.0,0.6655142219739125,0.0,0.0,0.8331067808443685,0.0,0.0,0.0,0.0,0.6365193571808823,0.0,0.6011431511588893,0.0,0.7950705422614284,0.0,0.7206843843059645,0.0,0.0,0.0,0.0,0.8099449594460455,0.7700988994213884,0.0,0.520859928260531,0.0,0.0,0.0,0.39783377489242566,0.0,0.657570172250665,0.0,0.7611768899413639,0.0,0.0,0.0,0.0,0.0,0.0,0.0,0.0,0.0,0.6470163959324388,0.0,0.0,0.0,0.61349938744815,0.0,0.0,0.0,0.0,0.0,0.0,0.0,0.0,0.0
0.6395557391187777,0.0,0.0,0.0,0.0,0.0,0.0,0.0,0.0,0.0,0.0,0.0,0.0,0.0,0.0,0.0,0.0,0.5959628919886277,0.0,0.0,0.0,0.0,0.0,0.0,0.0,0.0,0.0,0.0,0.6179816397172265,0.6111169365743435,0.0,0.0,0.6075498158469992,0.6461819926028843,0.0,0.0,0.0,0.0,0.0,0.0,0.0,0.0,0.0,0.8120607236093214,0.0,0.0,0.0,0.0,0.0,0.0,0.0,0.8785318592827758,0.0,0.0,0.0,0.0,0.6662561187381975,0.5272306999673771,0.0,0.6753769344201448,0.0,0.0,0.0,0.5953388717422587,0.0,0.9574025011952705,0.0,0.9552407084679385,0.0,0.0,0.0,0.7206076700325377,0.0,0.0,0.0,0.0,0.0,0.8637305918699918,0.0,0.0,0.0,0.0,0.0,0.0,0.0,0.8259026131671139,0.0,0.0,0.0,0.0
0.6483938898243553,0.0,0.0,0.0,0.0,0.0,0.0,0.0,0.0,0.0,0.6883743160612568,0.0,0.0,0.0,0.0,0.0,0.3566123596768082,0.0,0.0,0.0,0.0,0.0,0.0,0.0,0.0,0.0,0.0,0.0,0.670466399535685,0.0,0.0,0.0,0.0,0.0,0.0,0.0,0.0,0.0,0.5415906045937128,0.7928576686764772,0.0,0.0,0.0,0.0,0.0,0.0,0.5476796876876691,0.0,0.0,0.0,0.0,0.0,0.0,0.0,0.5352705417964934,0.0,0.6821686582673577,0.0,0.0,0.0,0.39783377489242566,0.0,0.0,0.0,0.0,0.0,0.0,0.0,0.0,0.0,0.0,0.0,0.6309482426619698,0.7625771036564812,0.0,0.0,0.7500508716368735,0.0,0.5493647050801123,0.0,0.5760601098951339,0.0,0.0,0.0,0.5353093793660302,0.0,0.0,0.0,0.0,0.0
0.0,0.0,0.0,0.0,0.0,0.0,0.0,0.0,0.0,0.0,0.0,0.0,0.0,0.0,0.0,0.0,0.0,0.6670991698585745,0.0,0.0,0.0,0.0,0.0,0.0,0.0,0.0,0.0,0.0,0.0,0.6117361989859769,0.0,0.0,0.0,0.0,0.0,0.0,0.0,0.0,0.0,0.0,0.0,0.0,0.0,0.0,0.0,0.0,0.0,0.0,0.0,0.0,0.0,0.900309042288162,0.0,0.0,0.0,0.0,0.0,0.0,0.0,0.6908456005139082,0.0,0.5953388717422587,0.0,0.0,0.0,0.9417878145188349,0.0,0.0,0.0,0.0,0.0,0.0,0.0,0.0,0.0,0.0,0.0,0.8484022121606848,0.0,0.0,0.0,0.0,0.0,0.0,0.0,0.0,0.0,0.0,0.0,0.0
0.0,0.0,0.0,0.0,0.0,0.0,0.0,0.0,0.0,0.0,0.0,0.0,0.0,0.0,0.0,0.0,0.0,0.0,0.0,0.0,0.0,0.0,0.0,0.0,0.0,0.0,0.0,0.0,0.0,0.0,0.0,0.0,0.0,0.0,0.0,0.0,0.0,0.8237812697839525,0.6059981573076545,0.0,0.0,0.0,0.0,0.0,0.6121076045541932,0.0,0.5607485763303146,0.0,0.6278840111181454,0.0,0.6568664156534313,0.0,0.5123276737830132,0.0,0.0,0.7571924125709123,0.0,0.0,0.7426343061581414,0.0,0.657570172250665,0.0,0.0,0.0,0.0,0.0,0.0,0.0,0.0,0.0,0.0,0.0,0.0,0.0,0.0,0.0,0.0,0.0,0.0,0.0,0.0,0.0,0.0,0.0,0.5193677194086337,0.0,0.0,0.0,0.0,0.0
0.0,0.0,0.0,0.0,0.0,0.0,0.0,0.0,0.0,0.0,0.0,0.0,0.0,0.0,0.0,0.0,0.0,0.0,0.0,0.0,0.0,0.0,0.0,0.0,0.0,0.0,0.0,0.0,0.0,0.0,0.0,0.0,0.640779912948672,0.6841992308425475,0.0,0.698311061655804,0.0,0.0,0.7050176249105968,0.0,0.0,0.0,0.0,0.6575289170191778,0.0,0.0,0.0,0.0,0.0,0.5056913467074466,0.0,0.5135140948916818,0.0,0.0,0.0,0.0,0.0,0.8399984347188655,0.0,0.5281458005134433,0.0,0.9574025011952705,0.0,0.9417878145188349,0.0,0.0,0.0,0.6088828929494934,0.0,0.0,0.0,0.0,0.0,0.0,0.0,0.0,0.0,0.0,0.7060144300323208,0.0,0.0,0.0,0.0,0.0,0.0,0.5734197440842834,0.0,0.0,0.0,0.0
0.6596189237839819,0.0,0.0,0.0,0.0,0.0,0.0,0.0,0.0,0.0,0.0,0.0,0.0,0.0,0.0,0.0,0.0,0.0,0.0,0.0,0.0,0.0,0.0,0.0,0.0,0.0,0.0,0.0,0.0,0.0,0.8457957866041381,0.0,0.6389187781818407,0.8055641869875544,0.5919974924506181,0.5592902922348882,0.5251532929408146,0.7693413343479248,0.667090677046082,0.0,0.0,0.0,0.6087447762616592,0.577249119141916,0.5288681700081286,0.6362598149713716,0.6069693755070698,0.0,0.5671061903769306,0.5667465786596388,0.691096448439097,0.0,0.0,0.0,0.6040546515583459,0.0,0.6627422950585935,0.0,0.6437189684952301,0.6478054216069239,0.7611768899413639,0.0,0.0,0.0,0.0,0.0,0.0,0.6147074435317083,0.5875153641642057,0.0,0.0,0.0,0.0,0.0,0.0,0.0,0.6008863520658224,0.0,0.0,0.0,0.0,0.0,0.0,0.0,0.6342050657766778,0.0,0.0,0.0,0.6309302961713378,0.0
0.0,0.0,0.0,0.0,0.0,0.0,0.0,0.0,0.0,0.0,0.0,0.0,0.0,0.0,0.0,0.0,0.0,0.0,0.0,0.0,0.0,0.0,0.0,0.0,0.0,0.0,0.0,0.0,0.0,0.0,0.0,0.0,0.5682528750417473,0.5959073787507662,0.6310022681078619,0.6067571016882565,0.7490807072901032,0.0,0.7556805369689183,0.0,0.0,0.0,0.4749597017597015,0.6224300602168302,0.5670431451922235,0.5409930856418002,0.7259913847546267,0.6455221568644164,0.5654005918622429,0.564032892600792,0.0,0.586575730548476,0.0,0.0,0.7448874741089327,0.0,0.0,0.0,0.649049525650076,0.6093515474198821,0.0,0.9552407084679385,0.0,0.0,0.0,0.6088828929494934,0.6147074435317083,0.0,0.0,0.0,0.0,0.831594409311718,0.0,0.0,0.0,0.0,0.0,0.535701149086829,0.0,0.0,0.0,0.0,0.0,0.0,0.7208953718046374,0.0,0.0,0.0,0.7016707438882358,0.0
0.0,0.5855734236960317,0.7719108750618945,0.0,0.0,0.0,0.0,0.0,0.0,0.0,0.0,0.0,0.0,0.0,0.0,0.0,0.0,0.0,0.6420183447849405,0.5376338063530267,0.0,0.0,0.0,0.0,0.0,0.0,0.0,0.0,0.0,0.0,0.0,0.0,0.6044986024829079,0.5992742364798842,0.0,0.0,0.0,0.0,0.0,0.0,0.0,0.0,0.0,0.0,0.0,0.0,0.0,0.0,0.0,0.0,0.0,0.0,0.0,0.0,0.0,0.0,0.6553697279277925,0.5912573004479649,0.0,0.0,0.0,0.0,0.0,0.0,0.0,0.0,0.5875153641642057,0.0,0.0,0.540545973159303,0.6523887972364264,0.0,0.0,0.0,0.0,0.0,0.6420832497096094,0.0,0.0,0.0,0.0,0.0,0.0,0.0,0.0,0.0,0.0,0.0,0.0,0.0
