0.0,0.0,0.41374704,0.0,0.0,0.0,0.36245054,0.0,0.0,0.0,0.356974,0.552655,0.30261216,0.57437426,0.0,0.0,0.34579983,0.0,0.46196356,0.0,0.0,0.0,0.0,0.0,0.0,0.0,0.0,0.0,0.38541216,0.0,0.0,0.0,0.44291732,0.4014918,0.0,0.0,0.0,0.0,0.0,0.0,0.0,0.0,0.0,0.0,0.0,0.0,0.0,0.0,0.0,0.0,0.0,0.0,0.0,0.0,0.0,0.0,0.34415922,0.0,0.0,0.0,0.45027158,0.4126743,0.41837713,0.0,0.0,0.0,0.4256201,0.0,0.0,0.0,0.43509924,0.0,0.0,0.0,0.0,0.0,0.4488797,0.0,0.43597442,0.0,0.45895627,0.0,0.0,0.0,0.4434688,0.0,0.0,0.0,0.0,0.0
0.0,0.0,0.41980332,0.36691877,0.0,0.0,0.0,0.390486,0.0,0.0,0.0,0.32694447,0.45328653,0.0,0.0,0.0,0.0,0.0,0.36039844,0.35184592,0.0,0.0,0.41323948,0.0,0.0,0.0,0.0,0.0,0.45876667,0.0,0.41248903,0.40819815,0.0,0.37652636,0.0,0.0,0.0,0.0,0.0,0.0,0.0,0.0,0.0,0.0,0.0,0.0,0.0,0.0,0.0,0.0,0.0,0.0,0.0,0.0,0.0,0.0,0.0,0.40092874,0.0,0.43496862,0.0,0.0,0.0,0.0,0.0,0.0,0.0,0.0,0.37784213,0.0,0.0,0.39197108,0.0,0.0,0.0,0.0,0.0,0.0,0.0,0.0,0.0,0.0,0.0,0.0,0.0,0.0,0.0,0.0,0.0,0.0
0.41374704,0.41980332,0.0,0.42838022,0.0,0.0,0.3811433,0.44193298,0.0,0.0,0.3337133,0.0,0.0,0.0,0.0,0.0,0.0,0.0,0.4058496,0.417996,0.0,0.0,0.32497424,0.3463117,0.0,0.0,0.0,0.0,0.0,0.0,0.36447883,0.44028252,0.4650659,0.4279692,0.0,0.0,0.0,0.0,0.0,0.0,0.0,0.0,0.0,0.0,0.0,0.0,0.0,0.0,0.0,0.0,0.0,0.0,0.0,0.0,0.0,0.0,0.0,0.0,0.0,0.0,0.0,0.0,0.0,0.0,0.0,0.0,0.0,0.0,0.49807665,0.0,0.0,0.0,0.0,0.0,0.0,0.0,0.0,0.0,0.0,0.0,0.0,0.0,0.0,0.0,0.0,0.0,0.0,0.0,0.0,0.0
0.0,0.36691877,0.42838022,0.0,0.0,0.0,0.41843122,0.3338218,0.0,0.0,0.0,0.0,0.0,0.0,0.0,0.0,0.0,0.0,0.0,0.35974255,0.0,0.0,0.0,0.33664548,0.4000694,0.40262783,0.0,0.0,0.0,0.0,0.4202125,0.40300742,0.41112623,0.4216305,0.0,0.0,0.0,0.0,0.0,0.0,0.0,0.0,0.0,0.0,0.0,0.0,0.0,0.0,0.0,0.0,0.0,0.0,0.0,0.0,0.0,0.0,0.0,0.0,0.0,0.0,0.0,0.0,0.0,0.0,0.0,0.0,0.0,0.0,0.0,0.0,0.0,0.0,0.0,0.0,0.0,0.0,0.0,0.0,0.0,0.0,0.0,0.0,0.0,0.0,0.0,0.0,0.0,0.0,0.0,0.0
0.0,0.0,0.0,0.0,0.0,0.0,0.0,0.0,0.26576003,0.0,0.0,0.0,0.0,0.0,0.28681898,0.0,0.0,0.0,0.0,0.0,0.0,0.0,0.0,0.0,0.32770237,0.0,0.26055515,0.0,0.40474185,0.0,0.34463957,0.37218314,0.0,0.0,0.0,0.0,0.0,0.0,0.0,0.0,0.0,0.0,0.0,0.0,0.0,0.0,0.0,0.0,0.0,0.0,0.0,0.0,0.0,0.0,0.0,0.0,0.0,0.0,0.0,0.0,0.0,0.0,0.0,0.0,0.0,0.0,0.0,0.0,0.0,0.0,0.2998314,0.3641295,0.0,0.0,0.0,0.0,0.0,0.47194237,0.0,0.0,0.0,0.0,0.0,0.0,0.0,0.0,0.0,0.0,0.0,0.0
0.0,0.0,0.0,0.0,0.0,0.0,0.0,0.0,0.0,0.0,0.0,0.0,0.0,0.0,0.0,0.25263724,0.0,0.0,0.0,0.0,0.0,0.0,0.0,0.0,0.0,0.0,0.0,0.0,0.0,0.24498154,0.0,0.0,0.0,0.0,0.0,0.0,0.0,0.0,0.0,0.0,0.0,0.0,0.0,0.0,0.0,0.0,0.0,0.0,0.0,0.0,0.0,0.0,0.0,0.0,0.0,0.0,0.0,0.0,0.0,0.0,0.0,0.0,0.0,0.0,0.0,0.0,0.0,0.0,0.0,0.0,0.0,0.0,0.0,0.0,0.0,0.0,0.0,0.0,0.0,0.0,0.0,0.0,0.0,0.0,0.0,0.0,0.0,0.0,0.0,0.0
0.36245054,0.0,0.3811433,0.41843122,0.0,0.0,0.0,0.4136614,0.0,0.0,0.3343408,0.0,0.3128752,0.0,0.0,0.0,0.0,0.0,0.39133823,0.40640363,0.0,0.0,0.0,0.41518983,0.0,0.0,0.0,0.0,0.0,0.0,0.0,0.4490168,0.42589983,0.41288263,0.0,0.0,0.0,0.0,0.0,0.0,0.0,0.0,0.0,0.0,0.0,0.0,0.0,0.0,0.0,0.0,0.0,0.0,0.0,0.0,0.0,0.0,0.0,0.0,0.0,0.0,0.0,0.0,0.0,0.0,0.0,0.0,0.0,0.0,0.0,0.0,0.46370074,0.0,0.0,0.0,0.0,0.0,0.0,0.0,0.0,0.0,0.0,0.0,0.0,0.0,0.0,0.0,0.0,0.0,0.0,0.0
0.0,0.390486,0.44193298,0.3338218,0.0,0.0,0.4136614,0.0,0.0,0.0,0.0,0.34721598,0.41898468,0.27135172,0.0,0.0,0.0,0.0,0.0,0.0,0.0,0.0,0.0,0.34357917,0.0,0.3372428,0.0,0.0,0.0,0.0,0.4290098,0.40665784,0.43521622,0.43227902,0.0,0.0,0.0,0.0,0.0,0.0,0.0,0.0,0.0,0.0,0.0,0.0,0.0,0.0,0.0,0.0,0.0,0.0,0.0,0.0,0.0,0.0,0.0,0.4015458,0.0,0.0,0.0,0.0,0.0,0.0,0.0,0.0,0.0,0.0,0.0,0.0,0.0,0.0,0.0,0.0,0.0,0.0,0.0,0.0,0.0,0.0,0.0,0.0,0.0,0.0,0.0,0.0,0.0,0.0,0.0,0.0
0.0,0.0,0.0,0.0,0.26576003,0.0,0.0,0.0,0.0,0.0,0.0,0.0,0.0,0.0,0.24583517,0.0,0.0,0.0,0.0,0.0,0.0,0.0,0.0,0.0,0.0,0.0,0.0,0.0,0.0,0.0,0.30628487,0.0,0.0,0.0,0.0,0.0,0.0,0.0,0.0,0.0,0.0,0.0,0.0,0.0,0.0,0.0,0.0,0.0,0.0,0.0,0.0,0.0,0.0,0.0,0.0,0.0,0.0,0.0,0.0,0.0,0.0,0.0,0.0,0.0,0.0,0.0,0.0,0.0,0.0,0.0,0.3602826,0.0,0.3944248,0.0,0.31085512,0.0,0.0,0.0,0.0,0.0,0.0,0.0,0.0,0.0,0.0,0.0,0.0,0.0,0.0,0.0
0.0,0.0,0.0,0.0,0.0,0.0,0.0,0.0,0.0,0.0,0.0,0.0,0.0,0.0,0.0,0.3261964,0.0,0.0,0.0,0.0,0.0,0.0,0.0,0.0,0.0,0.0,0.0,0.0,0.0,0.0,0.0,0.0,0.0,0.0,0.0,0.0,0.0,0.0,0.0,0.0,0.0,0.0,0.0,0.0,0.0,0.0,0.0,0.0,0.0,0.0,0.0,0.0,0.0,0.0,0.0,0.0,0.0,0.0,0.0,0.0,0.0,0.0,0.0,0.0,0.0,0.0,0.0,0.0,0.0,0.0,0.0,0.0,0.0,0.0,0.0,0.0,0.0,0.0,0.0,0.0,0.0,0.0,0.0,0.0,0.0,0.0,0.0,0.0,0.0,0.0
0.356974,0.0,0.3337133,0.0,0.0,0.0,0.3343408,0.0,0.0,0.0,0.0,0.0,0.31476235,0.0,0.0,0.0,0.3583267,0.0,0.0,0.0,0.0,0.0,0.0,0.0,0.0,0.0,0.0,0.0,0.3302357,0.0,0.0,0.0,0.29503608,0.52882564,0.0,0.0,0.0,0.0,0.0,0.0,0.0,0.0,0.0,0.0,0.0,0.0,0.0,0.0,0.0,0.0,0.0,0.0,0.0,0.0,0.0,0.0,0.3551981,0.46175286,0.0,0.0,0.0,0.0,0.44417456,0.0,0.0,0.0,0.0,0.0,0.0,0.0,0.0,0.0,0.47898042,0.0,0.0,0.0,0.44887918,0.0,0.44069174,0.0,0.48281625,0.0,0.0,0.0,0.52027833,0.0,0.0,0.0,0.0,0.0
0.552655,0.32694447,0.0,0.0,0.0,0.0,0.0,0.34721598,0.0,0.0,0.0,0.0,0.0,0.30326152,0.0,0.0,0.0,0.0,0.0,0.0,0.0,0.0,0.0,0.0,0.0,0.0,0.0,0.0,0.0,0.3608961,0.3496094,0.0,0.0,0.0,0.0,0.0,0.0,0.0,0.0,0.0,0.0,0.0,0.0,0.0,0.0,0.0,0.0,0.0,0.0,0.0,0.0,0.0,0.0,0.0,0.0,0.0,0.0,0.0,0.0,0.0,0.0,0.0,0.0,0.0,0.0,0.0,0.0,0.0,0.0,0.0,0.0,0.3827203,0.0,0.32046282,0.0,0.61668867,0.0,0.0,0.0,0.0,0.0,0.0,0.0,0.0,0.0,0.0,0.0,0.0,0.0,0.0
0.30261216,0.45328653,0.0,0.0,0.0,0.0,0.3128752,0.41898468,0.0,0.0,0.31476235,0.0,0.0,0.0,0.0,0.0,0.0,0.0,0.0,0.0,0.0,0.0,0.0,0.0,0.0,0.0,0.0,0.0,0.29843265,0.0,0.0,0.0,0.0,0.42442447,0.0,0.0,0.0,0.0,0.0,0.0,0.0,0.0,0.0,0.0,0.0,0.0,0.0,0.0,0.0,0.0,0.0,0.0,0.0,0.0,0.0,0.0,0.318589,0.44437146,0.0,0.0,0.0,0.0,0.0,0.0,0.0,0.0,0.0,0.0,0.0,0.0,0.36563236,0.0,0.45329133,0.0,0.0,0.0,0.44652635,0.0,0.0,0.0,0.53424215,0.0,0.0,0.0,0.0,0.0,0.0,0.0,0.0,0.0
0.57437426,0.0,0.0,0.0,0.0,0.0,0.0,0.27135172,0.0,0.0,0.0,0.30326152,0.0,0.0,0.0,0.22643343,0.0,0.0,0.0,0.0,0.0,0.44503495,0.0,0.0,0.0,0.0,0.0,0.0,0.0,0.3496999,0.0,0.0,0.0,0.0,0.0,0.0,0.0,0.0,0.58442205,0.0,0.0,0.0,0.0,0.0,0.0,0.0,0.0,0.0,0.0,0.0,0.0,0.0,0.0,0.0,0.0,0.0,0.0,0.0,0.0,0.0,0.0,0.0,0.0,0.0,0.0,0.0,0.0,0.0,0.0,0.0,0.0,0.5031394,0.0,0.42054853,0.0,0.4455517,0.0,0.0,0.0,0.0,0.0,0.0,0.0,0.0,0.0,0.0,0.0,0.0,0.0,0.0
0.0,0.0,0.0,0.0,0.28681898,0.0,0.0,0.0,0.24583517,0.0,0.0,0.0,0.0,0.0,0.0,0.0,0.0,0.0,0.0,0.0,0.26740658,0.0,0.0,0.0,0.0,0.0,0.26316798,0.0,0.0,0.0,0.0,0.0,0.0,0.0,0.0,0.0,0.0,0.0,0.0,0.0,0.0,0.0,0.0,0.0,0.0,0.0,0.0,0.0,0.0,0.0,0.0,0.0,0.0,0.0,0.0,0.0,0.0,0.0,0.0,0.0,0.0,0.0,0.0,0.0,0.0,0.0,0.0,0.0,0.0,0.0,0.31489795,0.32821983,0.417396,0.0,0.0,0.0,0.0,0.0,0.0,0.0,0.0,0.0,0.0,0.0,0.0,0.0,0.0,0.0,0.0,0.0
0.0,0.0,0.0,0.0,0.0,0.25263724,0.0,0.0,0.0,0.3261964,0.0,0.0,0.0,0.22643343,0.0,0.0,0.0,0.0,0.0,0.0,0.0,0.33997524,0.0,0.0,0.0,0.0,0.0,0.352464,0.0,0.31284863,0.0,0.0,0.0,0.0,0.0,0.0,0.0,0.36518624,0.6147468,0.0,0.0,0.26332164,0.0,0.0,0.0,0.0,0.0,0.0,0.0,0.0,0.0,0.0,0.0,0.0,0.0,0.0,0.0,0.0,0.0,0.0,0.0,0.0,0.0,0.0,0.0,0.0,0.0,0.0,0.0,0.0,0.0,0.58651346,0.0,0.3226325,0.0,0.0,0.0,0.0,0.0,0.0,0.0,0.0,0.0,0.2928811,0.0,0.0,0.0,0.0,0.0,0.0
0.34579983,0.0,0.0,0.0,0.0,0.0,0.0,0.0,0.0,0.0,0.3583267,0.0,0.0,0.0,0.0,0.0,0.0,0.0,0.0,0.0,0.0,0.0,0.0,0.0,0.0,0.0,0.0,0.0,0.35420108,0.0,0.0,0.0,0.42794526,0.44146508,0.45707318,0.0,0.0,0.0,0.0,0.0,0.0,0.0,0.0,0.0,0.0,0.0,0.0,0.0,0.0,0.0,0.0,0.0,0.0,0.0,0.0,0.0,0.37077338,0.0,0.0,0.0,0.40841833,0.0,0.23010466,0.0,0.0,0.0,0.0,0.0,0.0,0.0,0.0,0.0,0.0,0.0,0.0,0.0,0.0,0.0,0.33674395,0.0,0.497291,0.0,0.30505976,0.0,0.47281295,0.0,0.0,0.0,0.0,0.0
0.0,0.0,0.0,0.0,0.0,0.0,0.0,0.0,0.0,0.0,0.0,0.0,0.0,0.0,0.0,0.0,0.0,0.0,0.0,0.0,0.0,0.0,0.0,0.51476157,0.0,0.0,0.0,0.0,0.49690276,0.31850815,0.48729622,0.5224597,0.0,0.0,0.0,0.0,0.0,0.0,0.0,0.0,0.0,0.0,0.0,0.0,0.0,0.0,0.0,0.0,0.0,0.0,0.0,0.0,0.0,0.0,0.0,0.0,0.0,0.0,0.0,0.0,0.0,0.38454595,0.0,0.43044674,0.0,0.0,0.0,0.0,0.0,0.0,0.0,0.0,0.4917221,0.0,0.0,0.0,0.0,0.43966475,0.0,0.33160505,0.0,0.0,0.0,0.0,0.0,0.0,0.0,0.0,0.0,0.0
0.46196356,0.36039844,0.4058496,0.0,0.0,0.0,0.39133823,0.0,0.0,0.0,0.0,0.0,0.0,0.0,0.0,0.0,0.0,0.0,0.0,0.3238972,0.0,0.0,0.29808962,0.32376966,0.0,0.0,0.0,0.0,0.0,0.0,0.0,0.0,0.3676138,0.38969508,0.0,0.0,0.0,0.0,0.0,0.0,0.0,0.0,0.0,0.0,0.0,0.0,0.0,0.0,0.0,0.0,0.0,0.0,0.0,0.0,0.0,0.0,0.41068208,0.0,0.0,0.0,0.0,0.0,0.0,0.0,0.0,0.0,0.0,0.0,0.4142633,0.0,0.42492193,0.0,0.0,0.0,0.0,0.0,0.0,0.0,0.0,0.0,0.0,0.0,0.0,0.0,0.0,0.0,0.0,0.0,0.0,0.0
0.0,0.35184592,0.417996,0.35974255,0.0,0.0,0.40640363,0.0,0.0,0.0,0.0,0.0,0.0,0.0,0.0,0.0,0.0,0.0,0.3238972,0.0,0.0,0.0,0.0,0.2472019,0.0,0.0,0.0,0.0,0.0,0.0,0.0,0.0,0.33864182,0.30184618,0.0,0.0,0.0,0.0,0.0,0.0,0.0,0.0,0.0,0.0,0.0,0.0,0.0,0.0,0.0,0.0,0.0,0.0,0.0,0.0,0.0,0.0,0.0,0.34904274,0.0,0.0,0.0,0.0,0.0,0.0,0.0,0.0,0.0,0.0,0.34690902,0.40002924,0.0,0.0,0.0,0.0,0.0,0.0,0.0,0.0,0.0,0.0,0.0,0.0,0.0,0.0,0.0,0.0,0.0,0.0,0.0,0.0
0.0,0.0,0.0,0.0,0.0,0.0,0.0,0.0,0.0,0.0,0.0,0.0,0.0,0.0,0.26740658,0.0,0.0,0.0,0.0,0.0,0.0,0.0,0.0,0.0,0.0,0.0,0.22825256,0.0,0.0,0.0,0.0,0.0,0.0,0.0,0.0,0.0,0.0,0.0,0.0,0.0,0.0,0.0,0.0,0.0,0.0,0.0,0.0,0.0,0.0,0.0,0.0,0.0,0.0,0.0,0.0,0.0,0.0,0.0,0.0,0.0,0.0,0.0,0.0,0.0,0.0,0.0,0.0,0.0,0.0,0.0,0.0,0.35381368,0.39640495,0.0,0.0,0.0,0.0,0.4957594,0.0,0.0,0.0,0.0,0.0,0.0,0.0,0.0,0.0,0.0,0.0,0.0
0.0,0.0,0.0,0.0,0.0,0.0,0.0,0.0,0.0,0.0,0.0,0.0,0.0,0.44503495,0.0,0.33997524,0.0,0.0,0.0,0.0,0.0,0.0,0.0,0.0,0.0,0.0,0.0,0.27503908,0.0,0.2782197,0.0,0.0,0.0,0.0,0.0,0.0,0.0,0.0,0.0,0.28920537,0.0,0.3362468,0.0,0.0,0.0,0.0,0.0,0.0,0.0,0.0,0.0,0.0,0.0,0.0,0.0,0.56848013,0.0,0.0,0.0,0.0,0.0,0.0,0.0,0.0,0.0,0.0,0.0,0.0,0.0,0.0,0.0,0.23822425,0.0,0.0,0.0,0.0,0.0,0.0,0.0,0.0,0.0,0.0,0.0,0.3041924,0.0,0.0,0.0,0.0,0.0,0.0
0.0,0.41323948,0.32497424,0.0,0.0,0.0,0.0,0.0,0.0,0.0,0.0,0.0,0.0,0.0,0.0,0.0,0.0,0.0,0.29808962,0.0,0.0,0.0,0.0,0.30685893,0.0,0.0,0.0,0.0,0.36794505,0.0,0.3553285,0.2946335,0.36544475,0.43410826,0.0,0.0,0.0,0.0,0.0,0.0,0.0,0.0,0.0,0.0,0.0,0.0,0.0,0.0,0.0,0.0,0.0,0.0,0.0,0.0,0.0,0.0,0.0,0.0,0.0,0.0,0.0,0.0,0.0,0.0,0.0,0.0,0.0,0.0,0.0,0.0,0.0,0.0,0.0,0.0,0.0,0.0,0.0,0.0,0.0,0.0,0.0,0.0,0.0,0.0,0.0,0.0,0.0,0.0,0.0,0.0
0.0,0.0,0.3463117,0.33664548,0.0,0.0,0.41518983,0.34357917,0.0,0.0,0.0,0.0,0.0,0.0,0.0,0.0,0.0,0.51476157,0.32376966,0.2472019,0.0,0.0,0.30685893,0.0,0.2859605,0.3189306,0.0,0.0,0.0,0.5183173,0.33224106,0.3312414,0.37972015,0.38377976,0.0,0.0,0.0,0.0,0.0,0.0,0.0,0.0,0.0,0.0,0.0,0.0,0.0,0.0,0.0,0.0,0.0,0.0,0.0,0.0,0.0,0.0,0.0,0.0,0.0,0.0,0.0,0.0,0.0,0.0,0.0,0.0,0.0,0.0,0.0,0.0,0.0,0.0,0.0,0.0,0.0,0.0,0.0,0.0,0.0,0.50847226,0.0,0.0,0.0,0.0,0.0,0.0,0.0,0.0,0.0,0.0
0.0,0.0,0.0,0.4000694,0.32770237,0.0,0.0,0.0,0.0,0.0,0.0,0.0,0.0,0.0,0.0,0.0,0.0,0.0,0.0,0.0,0.0,0.0,0.0,0.2859605,0.0,0.2855162,0.28901786,0.0,0.0,0.0,0.3371778,0.0,0.0,0.0,0.0,0.0,0.0,0.0,0.0,0.0,0.0,0.0,0.0,0.0,0.0,0.0,0.0,0.0,0.0,0.0,0.0,0.0,0.0,0.0,0.0,0.0,0.0,0.0,0.0,0.0,0.0,0.0,0.0,0.0,0.0,0.0,0.0,0.0,0.0,0.0,0.0,0.0,0.0,0.0,0.0,0.0,0.0,0.0,0.0,0.0,0.0,0.0,0.0,0.0,0.0,0.0,0.0,0.0,0.0,0.0
0.0,0.0,0.0,0.40262783,0.0,0.0,0.0,0.3372428,0.0,0.0,0.0,0.0,0.0,0.0,0.0,0.0,0.0,0.0,0.0,0.0,0.0,0.0,0.0,0.3189306,0.2855162,0.0,0.0,0.0,0.0,0.0,0.0,0.2496671,0.0,0.0,0.0,0.0,0.0,0.0,0.0,0.0,0.0,0.0,0.0,0.0,0.0,0.0,0.0,0.0,0.0,0.0,0.0,0.0,0.0,0.0,0.0,0.0,0.0,0.0,0.0,0.0,0.0,0.0,0.0,0.0,0.0,0.0,0.0,0.0,0.0,0.0,0.0,0.0,0.0,0.0,0.0,0.0,0.0,0.0,0.0,0.0,0.0,0.0,0.0,0.0,0.0,0.0,0.0,0.0,0.0,0.0
0.0,0.0,0.0,0.0,0.26055515,0.0,0.0,0.0,0.0,0.0,0.0,0.0,0.0,0.0,0.26316798,0.0,0.0,0.0,0.0,0.0,0.22825256,0.0,0.0,0.0,0.28901786,0.0,0.0,0.0,0.0,0.0,0.395172,0.3444484,0.0,0.0,0.0,0.0,0.0,0.0,0.0,0.0,0.0,0.0,0.0,0.0,0.0,0.0,0.0,0.0,0.0,0.0,0.0,0.0,0.0,0.0,0.0,0.0,0.0,0.0,0.0,0.0,0.0,0.0,0.0,0.0,0.0,0.0,0.0,0.0,0.0,0.0,0.28182918,0.48052102,0.0,0.0,0.0,0.0,0.0,0.0,0.0,0.0,0.0,0.0,0.0,0.0,0.0,0.0,0.0,0.0,0.0,0.0
0.0,0.0,0.0,0.0,0.0,0.0,0.0,0.0,0.0,0.0,0.0,0.0,0.0,0.0,0.0,0.352464,0.0,0.0,0.0,0.0,0.0,0.27503908,0.0,0.0,0.0,0.0,0.0,0.0,0.0,0.0,0.0,0.0,0.0,0.0,0.0,0.0,0.0,0.3550747,0.0,0.31992573,0.0,0.33556247,0.0,0.0,0.0,0.0,0.0,0.0,0.0,0.0,0.0,0.0,0.0,0.0,0.0,0.0,0.0,0.0,0.0,0.0,0.0,0.0,0.0,0.0,0.0,0.0,0.0,0.0,0.0,0.0,0.0,0.0,0.0,0.0,0.0,0.0,0.0,0.0,0.0,0.0,0.0,0.0,0.0,0.0,0.0,0.0,0.0,0.0,0.0,0.0
0.38541216,0.45876667,0.0,0.0,0.40474185,0.0,0.0,0.0,0.0,0.0,0.3302357,0.0,0.29843265,0.0,0.0,0.0,0.35420108,0.49690276,0.0,0.0,0.0,0.0,0.36794505,0.0,0.0,0.0,0.0,0.0,0.0,0.49557197,0.46700442,0.4727619,0.42960086,0.45885256,0.0,0.0,0.2942755,0.0,0.0,0.0,0.0,0.0,0.0,0.0,0.0,0.0,0.0,0.0,0.0,0.0,0.0,0.0,0.0,0.0,0.0,0.0,0.36175615,0.46387097,0.0,0.3683271,0.0,0.39875358,0.43261945,0.0,0.0,0.0,0.0,0.0,0.0,0.0,0.3622928,0.0,0.3752249,0.0,0.0,0.0,0.47794992,0.0,0.4954919,0.48925552,0.49381736,0.0,0.3615246,0.0,0.43371695,0.0,0.0,0.0,0.0,0.0
0.0,0.0,0.0,0.0,0.0,0.24498154,0.0,0.0,0.0,0.0,0.0,0.3608961,0.0,0.3496999,0.0,0.31284863,0.0,0.31850815,0.0,0.0,0.0,0.2782197,0.0,0.5183173,0.0,0.0,0.0,0.0,0.49557197,0.0,0.47218964,0.50514346,0.0,0.0,0.0,0.0,0.0,0.2749867,0.6087125,0.0,0.0,0.40097257,0.0,0.0,0.0,0.0,0.0,0.0,0.0,0.0,0.0,0.0,0.0,0.0,0.0,0.60086244,0.0,0.0,0.0,0.0,0.0,0.39432412,0.0,0.3947237,0.0,0.0,0.0,0.0,0.0,0.0,0.0,0.5627361,0.5031021,0.34281054,0.0,0.45046145,0.0,0.0,0.0,0.31582183,0.0,0.0,0.0,0.3014977,0.0,0.0,0.0,0.0,0.0,0.0
0.0,0.41248903,0.36447883,0.4202125,0.34463957,0.0,0.0,0.4290098,0.30628487,0.0,0.0,0.3496094,0.0,0.0,0.0,0.0,0.0,0.48729622,0.0,0.0,0.0,0.0,0.3553285,0.33224106,0.3371778,0.0,0.395172,0.0,0.46700442,0.47218964,0.0,0.39157158,0.390341,0.4170109,0.5257917,0.56641436,0.0,0.0,0.0,0.0,0.0,0.0,0.0,0.0,0.0,0.0,0.0,0.57496834,0.0,0.0,0.0,0.0,0.0,0.0,0.50525624,0.0,0.0,0.0,0.0,0.0,0.0,0.0,0.0,0.0,0.0,0.0,0.545751,0.0,0.0,0.0,0.0,0.4119157,0.48843014,0.0,0.0,0.0,0.4296773,0.44270194,0.0,0.4979853,0.0,0.0,0.0,0.0,0.0,0.0,0.0,0.0,0.0,0.0
0.0,0.40819815,0.44028252,0.40300742,0.37218314,0.0,0.4490168,0.40665784,0.0,0.0,0.0,0.0,0.0,0.0,0.0,0.0,0.0,0.5224597,0.0,0.0,0.0,0.0,0.2946335,0.3312414,0.0,0.2496671,0.3444484,0.0,0.4727619,0.50514346,0.39157158,0.0,0.42684042,0.40394637,0.0,0.6038619,0.0,0.0,0.0,0.0,0.0,0.0,0.57762617,0.0,0.0,0.0,0.0,0.0,0.0,0.0,0.0,0.0,0.0,0.0,0.0,0.0,0.0,0.0,0.0,0.0,0.0,0.0,0.0,0.0,0.0,0.0,0.0,0.0,0.0,0.0,0.0,0.31488025,0.50015897,0.0,0.0,0.0,0.0,0.0,0.0,0.49511313,0.0,0.0,0.0,0.0,0.0,0.0,0.0,0.0,0.0,0.0
0.44291732,0.0,0.4650659,0.41112623,0.0,0.0,0.42589983,0.43521622,0.0,0.0,0.29503608,0.0,0.0,0.0,0.0,0.0,0.42794526,0.0,0.3676138,0.33864182,0.0,0.0,0.36544475,0.37972015,0.0,0.0,0.0,0.0,0.42960086,0.0,0.390341,0.42684042,0.0,0.34464797,0.54633695,0.0,0.5425083,0.0,0.0,0.0,0.0,0.0,0.0,0.0,0.0,0.0,0.0,0.0,0.0,0.0,0.0,0.0,0.0,0.0,0.0,0.0,0.43139523,0.37438554,0.42575818,0.36420396,0.0,0.39202243,0.0,0.0,0.0,0.4134642,0.4122633,0.36666602,0.39005363,0.41103506,0.48776004,0.0,0.0,0.0,0.0,0.0,0.49944523,0.4751213,0.43707576,0.0,0.45362863,0.0,0.0,0.0,0.4285349,0.0,0.0,0.0,0.0,0.0
0.4014918,0.37652636,0.4279692,0.4216305,0.0,0.0,0.41288263,0.43227902,0.0,0.0,0.52882564,0.0,0.42442447,0.0,0.0,0.0,0.44146508,0.0,0.38969508,0.30184618,0.0,0.0,0.43410826,0.38377976,0.0,0.0,0.0,0.0,0.45885256,0.0,0.4170109,0.40394637,0.34464797,0.0,0.55935794,0.5898879,0.4216739,0.0,0.0,0.0,0.0,0.0,0.52943295,0.0,0.0,0.0,0.5227022,0.5840526,0.0,0.0,0.0,0.0,0.0,0.0,0.0,0.0,0.44873354,0.4486955,0.0,0.41641888,0.0,0.4169499,0.0,0.0,0.0,0.44148058,0.5197915,0.38451013,0.3866826,0.36872458,0.4793195,0.0,0.0,0.0,0.0,0.0,0.45233622,0.4861291,0.47372428,0.0,0.4751288,0.0,0.0,0.0,0.44507173,0.0,0.0,0.0,0.0,0.0
0.0,0.0,0.0,0.0,0.0,0.0,0.0,0.0,0.0,0.0,0.0,0.0,0.0,0.0,0.0,0.0,0.45707318,0.0,0.0,0.0,0.0,0.0,0.0,0.0,0.0,0.0,0.0,0.0,0.0,0.0,0.5257917,0.0,0.54633695,0.55935794,0.0,0.0,0.3914006,0.0,0.0,0.0,0.0,0.0,0.0,0.0,0.0,0.0,0.4358455,0.0,0.0,0.3741884,0.0,0.0,0.0,0.0,0.42524388,0.0,0.0,0.0,0.40859792,0.38196728,0.0,0.0,0.0,0.0,0.0,0.0,0.38198727,0.40715516,0.0,0.0,0.0,0.0,0.0,0.0,0.0,0.0,0.35924992,0.58836603,0.49250844,0.0,0.4749799,0.0,0.0,0.0,0.0,0.0,0.0,0.0,0.38984323,0.0
0.0,0.0,0.0,0.0,0.0,0.0,0.0,0.0,0.0,0.0,0.0,0.0,0.0,0.0,0.0,0.0,0.0,0.0,0.0,0.0,0.0,0.0,0.0,0.0,0.0,0.0,0.0,0.0,0.0,0.0,0.56641436,0.6038619,0.0,0.5898879,0.0,0.0,0.5076701,0.0,0.4537524,0.0,0.0,0.0,0.33375034,0.0,0.0,0.0,0.47429332,0.39656523,0.0,0.37664378,0.0,0.0,0.0,0.0,0.47285864,0.0,0.0,0.0,0.39162713,0.4141187,0.0,0.0,0.0,0.0,0.0,0.45058626,0.3608829,0.39151093,0.0,0.0,0.5976696,0.0,0.0,0.0,0.0,0.0,0.5377726,0.3132561,0.49835256,0.0,0.4904735,0.0,0.0,0.0,0.44797263,0.0,0.0,0.0,0.0,0.0
0.0,0.0,0.0,0.0,0.0,0.0,0.0,0.0,0.0,0.0,0.0,0.0,0.0,0.0,0.0,0.0,0.0,0.0,0.0,0.0,0.0,0.0,0.0,0.0,0.0,0.0,0.0,0.0,0.2942755,0.0,0.0,0.0,0.5425083,0.4216739,0.3914006,0.5076701,0.0,0.4934819,0.32140896,0.0,0.30077618,0.0,0.44686082,0.0,0.4286397,0.0,0.0,0.4447861,0.0,0.0,0.0,0.47679442,0.0,0.47935712,0.3853615,0.5326363,0.0,0.0,0.39216837,0.0,0.42942405,0.0,0.0,0.0,0.0,0.0,0.33885595,0.48334545,0.0,0.0,0.0,0.0,0.0,0.0,0.0,0.63522047,0.429233,0.0,0.0,0.0,0.33847466,0.0,0.3865652,0.0,0.37973723,0.4638217,0.0,0.0,0.0,0.0
0.0,0.0,0.0,0.0,0.0,0.0,0.0,0.0,0.0,0.0,0.0,0.0,0.0,0.0,0.0,0.36518624,0.0,0.0,0.0,0.0,0.0,0.0,0.0,0.0,0.0,0.0,0.0,0.3550747,0.0,0.2749867,0.0,0.0,0.0,0.0,0.0,0.0,0.4934819,0.0,0.0,0.307161,0.0,0.29933682,0.0,0.0,0.0,0.0,0.0,0.24602734,0.0,0.0,0.0,0.0,0.0,0.0,0.0,0.3032042,0.0,0.0,0.0,0.0,0.0,0.0,0.0,0.0,0.5315461,0.0,0.49641865,0.0,0.0,0.0,0.0,0.0,0.0,0.0,0.0,0.0,0.0,0.3607479,0.0,0.0,0.5334803,0.0,0.0,0.0,0.0,0.0,0.0,0.0,0.0,0.0
0.0,0.0,0.0,0.0,0.0,0.0,0.0,0.0,0.0,0.0,0.0,0.0,0.0,0.58442205,0.0,0.6147468,0.0,0.0,0.0,0.0,0.0,0.0,0.0,0.0,0.0,0.0,0.0,0.0,0.0,0.6087125,0.0,0.0,0.0,0.0,0.0,0.4537524,0.32140896,0.0,0.0,0.0,0.0,0.0,0.0,0.0,0.42506623,0.0,0.40720186,0.0,0.0,0.0,0.0,0.0,0.0,0.0,0.36044112,0.0,0.0,0.0,0.44386178,0.0,0.0,0.0,0.34946215,0.0,0.39102122,0.45491368,0.43044126,0.487604,0.0,0.0,0.0,0.0,0.0,0.0,0.0,0.0,0.0,0.0,0.0,0.0,0.33482647,0.0,0.0,0.0,0.36443698,0.0,0.0,0.0,0.32436052,0.0
0.0,0.0,0.0,0.0,0.0,0.0,0.0,0.0,0.0,0.0,0.0,0.0,0.0,0.0,0.0,0.0,0.0,0.0,0.0,0.0,0.0,0.28920537,0.0,0.0,0.0,0.0,0.0,0.31992573,0.0,0.0,0.0,0.0,0.0,0.0,0.0,0.0,0.0,0.307161,0.0,0.0,0.0,0.29040596,0.0,0.0,0.0,0.0,0.0,0.22373213,0.0,0.0,0.0,0.0,0.0,0.0,0.0,0.27943397,0.0,0.0,0.0,0.0,0.5375634,0.0,0.5115926,0.0,0.0,0.0,0.0,0.0,0.0,0.0,0.0,0.0,0.0,0.0,0.0,0.0,0.0,0.0,0.0,0.0,0.533574,0.0,0.0,0.29344258,0.53610545,0.0,0.0,0.3053011,0.0,0.34244785
0.0,0.0,0.0,0.0,0.0,0.0,0.0,0.0,0.0,0.0,0.0,0.0,0.0,0.0,0.0,0.0,0.0,0.0,0.0,0.0,0.0,0.0,0.0,0.0,0.0,0.0,0.0,0.0,0.0,0.0,0.0,0.0,0.0,0.0,0.0,0.0,0.30077618,0.0,0.0,0.0,0.0,0.0,0.0,0.0,0.0,0.0,0.0,0.0,0.0,0.0,0.0,0.0,0.0,0.0,0.0,0.0,0.0,0.0,0.0,0.0,0.0,0.0,0.0,0.0,0.0,0.0,0.0,0.0,0.0,0.0,0.0,0.0,0.5589355,0.0,0.0,0.0,0.0,0.0,0.0,0.0,0.0,0.0,0.30823162,0.0,0.0,0.0,0.0,0.0,0.0,0.0
0.0,0.0,0.0,0.0,0.0,0.0,0.0,0.0,0.0,0.0,0.0,0.0,0.0,0.0,0.0,0.26332164,0.0,0.0,0.0,0.0,0.0,0.3362468,0.0,0.0,0.0,0.0,0.0,0.33556247,0.0,0.40097257,0.0,0.0,0.0,0.0,0.0,0.0,0.0,0.29933682,0.0,0.29040596,0.0,0.0,0.0,0.0,0.0,0.0,0.0,0.0,0.0,0.0,0.0,0.0,0.0,0.0,0.0,0.0,0.0,0.0,0.0,0.0,0.0,0.0,0.0,0.0,0.0,0.0,0.0,0.0,0.0,0.0,0.0,0.0,0.0,0.38558233,0.0,0.0,0.0,0.0,0.0,0.0,0.0,0.0,0.0,0.2675531,0.0,0.0,0.0,0.0,0.0,0.0
0.0,0.0,0.0,0.0,0.0,0.0,0.0,0.0,0.0,0.0,0.0,0.0,0.0,0.0,0.0,0.0,0.0,0.0,0.0,0.0,0.0,0.0,0.0,0.0,0.0,0.0,0.0,0.0,0.0,0.0,0.0,0.57762617,0.0,0.52943295,0.0,0.33375034,0.44686082,0.0,0.0,0.0,0.0,0.0,0.0,0.33919084,0.35800907,0.33616903,0.36301765,0.37506238,0.31329608,0.0,0.38918415,0.33862665,0.39376304,0.0,0.39243734,0.0,0.0,0.0,0.0,0.0,0.0,0.0,0.0,0.0,0.0,0.0,0.39279348,0.30646846,0.0,0.0,0.0,0.0,0.0,0.0,0.0,0.0,0.52459013,0.0,0.0,0.0,0.32007605,0.0,0.0,0.0,0.42296064,0.0,0.0,0.0,0.4310695,0.0
0.0,0.0,0.0,0.0,0.0,0.0,0.0,0.0,0.0,0.0,0.0,0.0,0.0,0.0,0.0,0.0,0.0,0.0,0.0,0.0,0.0,0.0,0.0,0.0,0.0,0.0,0.0,0.0,0.0,0.0,0.0,0.0,0.0,0.0,0.0,0.0,0.0,0.0,0.0,0.0,0.0,0.0,0.33919084,0.0,0.3365742,0.3684135,0.41448396,0.3962542,0.0,0.37947333,0.41118222,0.416569,0.363715,0.41730058,0.42559728,0.0,0.0,0.6098913,0.0,0.0,0.0,0.5239834,0.0,0.0,0.0,0.42427152,0.37247086,0.40162393,0.0,0.0,0.0,0.0,0.0,0.0,0.0,0.0,0.0,0.45833802,0.0,0.0,0.0,0.0,0.0,0.0,0.0,0.4924333,0.0,0.0,0.0,0.0
0.0,0.0,0.0,0.0,0.0,0.0,0.0,0.0,0.0,0.0,0.0,0.0,0.0,0.0,0.0,0.0,0.0,0.0,0.0,0.0,0.0,0.0,0.0,0.0,0.0,0.0,0.0,0.0,0.0,0.0,0.0,0.0,0.0,0.0,0.0,0.0,0.4286397,0.0,0.42506623,0.0,0.0,0.0,0.35800907,0.3365742,0.0,0.33697915,0.40107724,0.0,0.33335403,0.0,0.40601742,0.0,0.0,0.0,0.34055176,0.0,0.0,0.0,0.3861615,0.0,0.41071507,0.0,0.0,0.0,0.39496335,0.0,0.34125298,0.36588544,0.0,0.0,0.0,0.0,0.0,0.0,0.0,0.0,0.0,0.0,0.0,0.0,0.36393663,0.0,0.0,0.0,0.0,0.0,0.0,0.0,0.0,0.0
0.0,0.0,0.0,0.0,0.0,0.0,0.0,0.0,0.0,0.0,0.0,0.0,0.0,0.0,0.0,0.0,0.0,0.0,0.0,0.0,0.0,0.0,0.0,0.0,0.0,0.0,0.0,0.0,0.0,0.0,0.0,0.0,0.0,0.0,0.0,0.0,0.0,0.0,0.0,0.0,0.0,0.0,0.33616903,0.3684135,0.33697915,0.0,0.0,0.0,0.0,0.36530843,0.0,0.405321,0.0,0.0,0.0,0.0,0.0,0.0,0.0,0.38966197,0.0,0.0,0.0,0.0,0.0,0.0,0.4105476,0.3490766,0.0,0.0,0.0,0.0,0.0,0.0,0.0,0.0,0.0,0.0,0.0,0.0,0.0,0.0,0.0,0.0,0.0,0.0,0.0,0.0,0.0,0.0
0.0,0.0,0.0,0.0,0.0,0.0,0.0,0.0,0.0,0.0,0.0,0.0,0.0,0.0,0.0,0.0,0.0,0.0,0.0,0.0,0.0,0.0,0.0,0.0,0.0,0.0,0.0,0.0,0.0,0.0,0.0,0.0,0.0,0.5227022,0.4358455,0.47429332,0.0,0.0,0.40720186,0.0,0.0,0.0,0.36301765,0.41448396,0.40107724,0.0,0.0,0.3477987,0.0,0.0,0.35130534,0.4212375,0.3842489,0.45129016,0.36977336,0.0,0.0,0.0,0.43429226,0.5053105,0.38788852,0.0,0.35339114,0.0,0.36182386,0.0,0.3916479,0.46844703,0.0,0.0,0.0,0.0,0.0,0.0,0.0,0.0,0.5292498,0.5378468,0.0,0.0,0.3192247,0.0,0.0,0.0,0.3764673,0.49476686,0.0,0.0,0.42942077,0.0
0.0,0.0,0.0,0.0,0.0,0.0,0.0,0.0,0.0,0.0,0.0,0.0,0.0,0.0,0.0,0.0,0.0,0.0,0.0,0.0,0.0,0.0,0.0,0.0,0.0,0.0,0.0,0.0,0.0,0.0,0.57496834,0.0,0.0,0.5840526,0.0,0.39656523,0.4447861,0.24602734,0.0,0.22373213,0.0,0.0,0.37506238,0.3962542,0.0,0.0,0.3477987,0.0,0.0,0.0,0.4292361,0.3692002,0.40268964,0.36051887,0.4226541,0.3228453,0.0,0.0,0.0,0.0,0.0,0.0,0.0,0.0,0.0,0.0,0.0,0.41652414,0.0,0.0,0.0,0.0,0.6452515,0.0,0.0,0.0,0.0,0.3741284,0.0,0.0,0.0,0.0,0.0,0.0,0.0,0.0,0.0,0.0,0.0,0.0
0.0,0.0,0.0,0.0,0.0,0.0,0.0,0.0,0.0,0.0,0.0,0.0,0.0,0.0,0.0,0.0,0.0,0.0,0.0,0.0,0.0,0.0,0.0,0.0,0.0,0.0,0.0,0.0,0.0,0.0,0.0,0.0,0.0,0.0,0.0,0.0,0.0,0.0,0.0,0.0,0.0,0.0,0.31329608,0.0,0.33335403,0.0,0.0,0.0,0.0,0.0,0.40080807,0.0,0.0,0.0,0.0,0.0,0.0,0.0,0.40076557,0.0,0.51302046,0.0,0.0,0.0,0.4051431,0.0,0.36592612,0.36482558,0.0,0.0,0.0,0.0,0.0,0.0,0.0,0.0,0.0,0.0,0.0,0.0,0.0,0.0,0.0,0.0,0.0,0.0,0.0,0.0,0.0,0.0
0.0,0.0,0.0,0.0,0.0,0.0,0.0,0.0,0.0,0.0,0.0,0.0,0.0,0.0,0.0,0.0,0.0,0.0,0.0,0.0,0.0,0.0,0.0,0.0,0.0,0.0,0.0,0.0,0.0,0.0,0.0,0.0,0.0,0.0,0.3741884,0.37664378,0.0,0.0,0.0,0.0,0.0,0.0,0.0,0.37947333,0.0,0.36530843,0.0,0.0,0.0,0.0,0.0,0.3490239,0.0,0.0,0.0,0.0,0.0,0.55616003,0.0,0.3564745,0.0,0.0,0.0,0.0,0.0,0.3262981,0.36569408,0.36394307,0.0,0.0,0.0,0.0,0.0,0.0,0.0,0.0,0.0,0.0,0.0,0.0,0.0,0.0,0.0,0.0,0.0,0.0,0.0,0.0,0.0,0.0
0.0,0.0,0.0,0.0,0.0,0.0,0.0,0.0,0.0,0.0,0.0,0.0,0.0,0.0,0.0,0.0,0.0,0.0,0.0,0.0,0.0,0.0,0.0,0.0,0.0,0.0,0.0,0.0,0.0,0.0,0.0,0.0,0.0,0.0,0.0,0.0,0.0,0.0,0.0,0.0,0.0,0.0,0.38918415,0.41118222,0.40601742,0.0,0.35130534,0.4292361,0.40080807,0.0,0.0,0.0,0.0,0.0,0.0,0.0,0.0,0.0,0.0,0.0,0.46502268,0.0,0.0,0.0,0.42384404,0.0,0.44593102,0.0,0.0,0.0,0.0,0.0,0.0,0.0,0.0,0.0,0.0,0.0,0.0,0.0,0.0,0.0,0.0,0.0,0.36078727,0.0,0.0,0.0,0.0,0.0
0.0,0.0,0.0,0.0,0.0,0.0,0.0,0.0,0.0,0.0,0.0,0.0,0.0,0.0,0.0,0.0,0.0,0.0,0.0,0.0,0.0,0.0,0.0,0.0,0.0,0.0,0.0,0.0,0.0,0.0,0.0,0.0,0.0,0.0,0.0,0.0,0.47679442,0.0,0.0,0.0,0.0,0.0,0.33862665,0.416569,0.0,0.405321,0.4212375,0.3692002,0.0,0.3490239,0.0,0.0,0.0,0.34861374,0.47438428,0.0,0.0,0.0,0.0,0.3610351,0.0,0.566874,0.0,0.58092576,0.0,0.33134574,0.0,0.37848887,0.0,0.0,0.0,0.0,0.0,0.0,0.0,0.0,0.0,0.5055845,0.0,0.0,0.0,0.0,0.0,0.0,0.40417,0.3725162,0.0,0.0,0.0,0.0
0.0,0.0,0.0,0.0,0.0,0.0,0.0,0.0,0.0,0.0,0.0,0.0,0.0,0.0,0.0,0.0,0.0,0.0,0.0,0.0,0.0,0.0,0.0,0.0,0.0,0.0,0.0,0.0,0.0,0.0,0.0,0.0,0.0,0.0,0.0,0.0,0.0,0.0,0.0,0.0,0.0,0.0,0.39376304,0.363715,0.0,0.0,0.3842489,0.40268964,0.0,0.0,0.0,0.0,0.0,0.0,0.33807555,0.0,0.0,0.0,0.0,0.0,0.0,0.0,0.0,0.0,0.3305802,0.0,0.0,0.0,0.0,0.0,0.0,0.0,0.0,0.0,0.0,0.0,0.0,0.0,0.0,0.0,0.0,0.0,0.0,0.0,0.3028743,0.0,0.0,0.0,0.28509873,0.0
0.0,0.0,0.0,0.0,0.0,0.0,0.0,0.0,0.0,0.0,0.0,0.0,0.0,0.0,0.0,0.0,0.0,0.0,0.0,0.0,0.0,0.0,0.0,0.0,0.0,0.0,0.0,0.0,0.0,0.0,0.0,0.0,0.0,0.0,0.0,0.0,0.47935712,0.0,0.0,0.0,0.0,0.0,0.0,0.41730058,0.0,0.0,0.45129016,0.36051887,0.0,0.0,0.0,0.34861374,0.0,0.0,0.45913216,0.32044688,0.0,0.0,0.0,0.0,0.0,0.0,0.0,0.0,0.0,0.0,0.0,0.0,0.0,0.0,0.0,0.0,0.0,0.0,0.0,0.0,0.0,0.0,0.0,0.0,0.0,0.0,0.0,0.0,0.0,0.3023041,0.0,0.0,0.47029153,0.31645662
0.0,0.0,0.0,0.0,0.0,0.0,0.0,0.0,0.0,0.0,0.0,0.0,0.0,0.0,0.0,0.0,0.0,0.0,0.0,0.0,0.0,0.0,0.0,0.0,0.0,0.0,0.0,0.0,0.0,0.0,0.50525624,0.0,0.0,0.0,0.42524388,0.47285864,0.3853615,0.0,0.36044112,0.0,0.0,0.0,0.39243734,0.42559728,0.34055176,0.0,0.36977336,0.4226541,0.0,0.0,0.0,0.47438428,0.33807555,0.45913216,0.0,0.0,0.0,0.0,0.0,0.0,0.0,0.0,0.34538412,0.0,0.0,0.0,0.38976717,0.48063976,0.0,0.0,0.0,0.0,0.0,0.0,0.0,0.0,0.0,0.0,0.0,0.0,0.31767344,0.0,0.0,0.0,0.3885902,0.4402301,0.0,0.0,0.3187306,0.0
0.0,0.0,0.0,0.0,0.0,0.0,0.0,0.0,0.0,0.0,0.0,0.0,0.0,0.0,0.0,0.0,0.0,0.0,0.0,0.0,0.0,0.56848013,0.0,0.0,0.0,0.0,0.0,0.0,0.0,0.60086244,0.0,0.0,0.0,0.0,0.0,0.0,0.5326363,0.3032042,0.0,0.27943397,0.0,0.0,0.0,0.0,0.0,0.0,0.0,0.3228453,0.0,0.0,0.0,0.0,0.0,0.32044688,0.0,0.0,0.0,0.0,0.0,0.0,0.5226182,0.0,0.0,0.0,0.48857954,0.0,0.0,0.0,0.0,0.0,0.0,0.0,0.0,0.48967966,0.0,0.0,0.0,0.39115384,0.0,0.0,0.5325854,0.0,0.0,0.30584326,0.0,0.0,0.0,0.3058061,0.0,0.28399616
0.34415922,0.0,0.0,0.0,0.0,0.0,0.0,0.0,0.0,0.0,0.3551981,0.0,0.318589,0.0,0.0,0.0,0.37077338,0.0,0.41068208,0.0,0.0,0.0,0.0,0.0,0.0,0.0,0.0,0.0,0.36175615,0.0,0.0,0.0,0.43139523,0.44873354,0.0,0.0,0.0,0.0,0.0,0.0,0.0,0.0,0.0,0.0,0.0,0.0,0.0,0.0,0.0,0.0,0.0,0.0,0.0,0.0,0.0,0.0,0.0,0.40894675,0.48105463,0.0,0.49690747,0.42990276,0.44017035,0.0,0.0,0.0,0.42763546,0.0,0.4228783,0.0,0.0,0.0,0.0,0.0,0.0,0.0,0.451014,0.0,0.46804163,0.0,0.4372714,0.0,0.0,0.0,0.43204737,0.0,0.0,0.0,0.0,0.0
0.0,0.40092874,0.0,0.0,0.0,0.0,0.0,0.4015458,0.0,0.0,0.46175286,0.0,0.44437146,0.0,0.0,0.0,0.0,0.0,0.0,0.34904274,0.0,0.0,0.0,0.0,0.0,0.0,0.0,0.0,0.46387097,0.0,0.0,0.0,0.37438554,0.4486955,0.0,0.0,0.0,0.0,0.0,0.0,0.0,0.0,0.0,0.6098913,0.0,0.0,0.0,0.0,0.0,0.55616003,0.0,0.0,0.0,0.0,0.0,0.0,0.40894675,0.0,0.0,0.34127292,0.0,0.3401964,0.0,0.0,0.0,0.54201025,0.0,0.0,0.38150966,0.0,0.4541452,0.4475752,0.4613445,0.0,0.0,0.0,0.0,0.0,0.0,0.0,0.0,0.0,0.0,0.0,0.0,0.0,0.0,0.0,0.0,0.0
0.0,0.0,0.0,0.0,0.0,0.0,0.0,0.0,0.0,0.0,0.0,0.0,0.0,0.0,0.0,0.0,0.0,0.0,0.0,0.0,0.0,0.0,0.0,0.0,0.0,0.0,0.0,0.0,0.0,0.0,0.0,0.0,0.42575818,0.0,0.40859792,0.39162713,0.39216837,0.0,0.44386178,0.0,0.0,0.0,0.0,0.0,0.3861615,0.0,0.43429226,0.0,0.40076557,0.0,0.0,0.0,0.0,0.0,0.0,0.0,0.48105463,0.0,0.0,0.40306053,0.33608565,0.0,0.0,0.0,0.4791859,0.0,0.41536063,0.41880018,0.0,0.0,0.0,0.0,0.0,0.0,0.0,0.0,0.3907775,0.0,0.0,0.0,0.0,0.0,0.0,0.0,0.0,0.0,0.0,0.0,0.0,0.0
0.0,0.43496862,0.0,0.0,0.0,0.0,0.0,0.0,0.0,0.0,0.0,0.0,0.0,0.0,0.0,0.0,0.0,0.0,0.0,0.0,0.0,0.0,0.0,0.0,0.0,0.0,0.0,0.0,0.3683271,0.0,0.0,0.0,0.36420396,0.41641888,0.38196728,0.4141187,0.0,0.0,0.0,0.0,0.0,0.0,0.0,0.0,0.0,0.38966197,0.5053105,0.0,0.0,0.3564745,0.0,0.3610351,0.0,0.0,0.0,0.0,0.0,0.34127292,0.40306053,0.0,0.0,0.43578798,0.0,0.44576916,0.0,0.34078687,0.41799742,0.393185,0.0,0.0,0.467746,0.0,0.0,0.0,0.0,0.0,0.42508137,0.4313962,0.0,0.0,0.0,0.0,0.0,0.0,0.0,0.0,0.0,0.0,0.0,0.0
0.45027158,0.0,0.0,0.0,0.0,0.0,0.0,0.0,0.0,0.0,0.0,0.0,0.0,0.0,0.0,0.0,0.40841833,0.0,0.0,0.0,0.0,0.0,0.0,0.0,0.0,0.0,0.0,0.0,0.0,0.0,0.0,0.0,0.0,0.0,0.0,0.0,0.42942405,0.0,0.0,0.5375634,0.0,0.0,0.0,0.0,0.41071507,0.0,0.38788852,0.0,0.51302046,0.0,0.46502268,0.0,0.0,0.0,0.0,0.5226182,0.49690747,0.0,0.33608565,0.0,0.0,0.0,0.25670284,0.0,0.42429814,0.0,0.49115053,0.0,0.0,0.0,0.0,0.0,0.0,0.0,0.0,0.0,0.4174883,0.0,0.0,0.0,0.3958614,0.0,0.0,0.0,0.0,0.0,0.0,0.0,0.0,0.0
0.4126743,0.0,0.0,0.0,0.0,0.0,0.0,0.0,0.0,0.0,0.0,0.0,0.0,0.0,0.0,0.0,0.0,0.38454595,0.0,0.0,0.0,0.0,0.0,0.0,0.0,0.0,0.0,0.0,0.39875358,0.39432412,0.0,0.0,0.39202243,0.4169499,0.0,0.0,0.0,0.0,0.0,0.0,0.0,0.0,0.0,0.5239834,0.0,0.0,0.0,0.0,0.0,0.0,0.0,0.566874,0.0,0.0,0.0,0.0,0.42990276,0.3401964,0.0,0.43578798,0.0,0.0,0.0,0.3841433,0.0,0.6177654,0.0,0.6163705,0.0,0.0,0.0,0.46497318,0.0,0.0,0.0,0.0,0.0,0.55732346,0.0,0.0,0.0,0.0,0.0,0.0,0.0,0.5329149,0.0,0.0,0.0,0.0
0.41837713,0.0,0.0,0.0,0.0,0.0,0.0,0.0,0.0,0.0,0.44417456,0.0,0.0,0.0,0.0,0.0,0.23010466,0.0,0.0,0.0,0.0,0.0,0.0,0.0,0.0,0.0,0.0,0.0,0.43261945,0.0,0.0,0.0,0.0,0.0,0.0,0.0,0.0,0.0,0.34946215,0.5115926,0.0,0.0,0.0,0.0,0.0,0.0,0.35339114,0.0,0.0,0.0,0.0,0.0,0.0,0.0,0.34538412,0.0,0.44017035,0.0,0.0,0.0,0.25670284,0.0,0.0,0.0,0.0,0.0,0.0,0.0,0.0,0.0,0.0,0.0,0.4071203,0.49205402,0.0,0.0,0.48397145,0.0,0.3544784,0.0,0.37170365,0.0,0.0,0.0,0.34540918,0.0,0.0,0.0,0.0,0.0
0.0,0.0,0.0,0.0,0.0,0.0,0.0,0.0,0.0,0.0,0.0,0.0,0.0,0.0,0.0,0.0,0.0,0.43044674,0.0,0.0,0.0,0.0,0.0,0.0,0.0,0.0,0.0,0.0,0.0,0.3947237,0.0,0.0,0.0,0.0,0.0,0.0,0.0,0.0,0.0,0.0,0.0,0.0,0.0,0.0,0.0,0.0,0.0,0.0,0.0,0.0,0.0,0.58092576,0.0,0.0,0.0,0.0,0.0,0.0,0.0,0.44576916,0.0,0.3841433,0.0,0.0,0.0,0.60769,0.0,0.0,0.0,0.0,0.0,0.0,0.0,0.0,0.0,0.0,0.0,0.5474328,0.0,0.0,0.0,0.0,0.0,0.0,0.0,0.0,0.0,0.0,0.0,0.0
0.0,0.0,0.0,0.0,0.0,0.0,0.0,0.0,0.0,0.0,0.0,0.0,0.0,0.0,0.0,0.0,0.0,0.0,0.0,0.0,0.0,0.0,0.0,0.0,0.0,0.0,0.0,0.0,0.0,0.0,0.0,0.0,0.0,0.0,0.0,0.0,0.0,0.5315461,0.39102122,0.0,0.0,0.0,0.0,0.0,0.39496335,0.0,0.36182386,0.0,0.4051431,0.0,0.42384404,0.0,0.3305802,0.0,0.0,0.48857954,0.0,0.0,0.4791859,0.0,0.42429814,0.0,0.0,0.0,0.0,0.0,0.0,0.0,0.0,0.0,0.0,0.0,0.0,0.0,0.0,0.0,0.0,0.0,0.0,0.0,0.0,0.0,0.0,0.0,0.3351228,0.0,0.0,0.0,0.0,0.0
0.0,0.0,0.0,0.0,0.0,0.0,0.0,0.0,0.0,0.0,0.0,0.0,0.0,0.0,0.0,0.0,0.0,0.0,0.0,0.0,0.0,0.0,0.0,0.0,0.0,0.0,0.0,0.0,0.0,0.0,0.0,0.0,0.4134642,0.44148058,0.0,0.45058626,0.0,0.0,0.45491368,0.0,0.0,0.0,0.0,0.42427152,0.0,0.0,0.0,0.0,0.0,0.3262981,0.0,0.33134574,0.0,0.0,0.0,0.0,0.0,0.54201025,0.0,0.34078687,0.0,0.6177654,0.0,0.60769,0.0,0.0,0.0,0.3928826,0.0,0.0,0.0,0.0,0.0,0.0,0.0,0.0,0.0,0.0,0.45555687,0.0,0.0,0.0,0.0,0.0,0.0,0.36999995,0.0,0.0,0.0,0.0
0.4256201,0.0,0.0,0.0,0.0,0.0,0.0,0.0,0.0,0.0,0.0,0.0,0.0,0.0,0.0,0.0,0.0,0.0,0.0,0.0,0.0,0.0,0.0,0.0,0.0,0.0,0.0,0.0,0.0,0.0,0.545751,0.0,0.4122633,0.5197915,0.38198727,0.3608829,0.33885595,0.49641865,0.43044126,0.0,0.0,0.0,0.39279348,0.37247086,0.34125298,0.4105476,0.3916479,0.0,0.36592612,0.36569408,0.44593102,0.0,0.0,0.0,0.38976717,0.0,0.42763546,0.0,0.41536063,0.41799742,0.49115053,0.0,0.0,0.0,0.0,0.0,0.0,0.3966409,0.37909517,0.0,0.0,0.0,0.0,0.0,0.0,0.0,0.38772282,0.0,0.0,0.0,0.0,0.0,0.0,0.0,0.40922177,0.0,0.0,0.0,0.40710872,0.0
0.0,0.0,0.0,0.0,0.0,0.0,0.0,0.0,0.0,0.0,0.0,0.0,0.0,0.0,0.0,0.0,0.0,0.0,0.0,0.0,0.0,0.0,0.0,0.0,0.0,0.0,0.0,0.0,0.0,0.0,0.0,0.0,0.36666602,0.38451013,0.40715516,0.39151093,0.48334545,0.0,0.487604,0.0,0.0,0.0,0.30646846,0.40162393,0.36588544,0.3490766,0.46844703,0.41652414,0.36482558,0.36394307,0.0,0.37848887,0.0,0.0,0.48063976,0.0,0.0,0.0,0.41880018,0.393185,0.0,0.6163705,0.0,0.0,0.0,0.3928826,0.3966409,0.0,0.0,0.0,0.0,0.53658754,0.0,0.0,0.0,0.0,0.0,0.34566197,0.0,0.0,0.0,0.0,0.0,0.0,0.46515882,0.0,0.0,0.0,0.4527541,0.0
0.0,0.37784213,0.49807665,0.0,0.0,0.0,0.0,0.0,0.0,0.0,0.0,0.0,0.0,0.0,0.0,0.0,0.0,0.0,0.4142633,0.34690902,0.0,0.0,0.0,0.0,0.0,0.0,0.0,0.0,0.0,0.0,0.0,0.0,0.39005363,0.3866826,0.0,0.0,0.0,0.0,0.0,0.0,0.0,0.0,0.0,0.0,0.0,0.0,0.0,0.0,0.0,0.0,0.0,0.0,0.0,0.0,0.0,0.0,0.4228783,0.38150966,0.0,0.0,0.0,0.0,0.0,0.0,0.0,0.0,0.37909517,0.0,0.0,0.3487881,0.42095485,0.0,0.0,0.0,0.0,0.0,0.41430518,0.0,0.0,0.0,0.0,0.0,0.0,0.0,0.0,0.0,0.0,0.0,0.0,0.0
0.0,0.0,0.0,0.0,0.0,0.0,0.0,0.0,0.0,0.0,0.0,0.0,0.0,0.0,0.0,0.0,0.0,0.0,0.0,0.40002924,0.0,0.0,0.0,0.0,0.0,0.0,0.0,0.0,0.0,0.0,0.0,0.0,0.41103506,0.36872458,0.0,0.0,0.0,0.0,0.0,0.0,0.0,0.0,0.0,0.0,0.0,0.0,0.0,0.0,0.0,0.0,0.0,0.0,0.0,0.0,0.0,0.0,0.0,0.0,0.0,0.0,0.0,0.0,0.0,0.0,0.0,0.0,0.0,0.0,0.3487881,0.0,0.0,0.0,0.0,0.0,0.0,0.0,0.0,0.0,0.0,0.0,0.0,0.0,0.0,0.0,0.0,0.0,0.0,0.0,0.0,0.0
0.43509924,0.0,0.0,0.0,0.2998314,0.0,0.46370074,0.0,0.3602826,0.0,0.0,0.0,0.36563236,0.0,0.31489795,0.0,0.0,0.0,0.42492193,0.0,0.0,0.0,0.0,0.0,0.0,0.0,0.28182918,0.0,0.3622928,0.0,0.0,0.0,0.48776004,0.4793195,0.0,0.5976696,0.0,0.0,0.0,0.0,0.0,0.0,0.0,0.0,0.0,0.0,0.0,0.0,0.0,0.0,0.0,0.0,0.0,0.0,0.0,0.0,0.0,0.4541452,0.0,0.467746,0.0,0.0,0.0,0.0,0.0,0.0,0.0,0.0,0.42095485,0.0,0.0,0.0,0.40271607,0.0,0.3524476,0.0,0.3032395,0.53540784,0.0,0.0,0.0,0.0,0.37404123,0.0,0.0,0.0,0.0,0.0,0.0,0.0
0.0,0.39197108,0.0,0.0,0.3641295,0.0,0.0,0.0,0.0,0.0,0.0,0.3827203,0.0,0.5031394,0.32821983,0.58651346,0.0,0.0,0.0,0.0,0.35381368,0.23822425,0.0,0.0,0.0,0.0,0.48052102,0.0,0.0,0.5627361,0.4119157,0.31488025,0.0,0.0,0.0,0.0,0.0,0.0,0.0,0.0,0.0,0.0,0.0,0.0,0.0,0.0,0.0,0.0,0.0,0.0,0.0,0.0,0.0,0.0,0.0,0.0,0.0,0.4475752,0.0,0.0,0.0,0.46497318,0.0,0.0,0.0,0.0,0.0,0.53658754,0.0,0.0,0.0,0.0,0.0,0.47643903,0.0,0.2746592,0.0,0.42682943,0.0,0.39088675,0.0,0.0,0.0,0.0,0.0,0.0,0.0,0.0,0.0,0.0
0.0,0.0,0.0,0.0,0.0,0.0,0.0,0.0,0.3944248,0.0,0.47898042,0.0,0.45329133,0.0,0.417396,0.0,0.0,0.4917221,0.0,0.0,0.39640495,0.0,0.0,0.0,0.0,0.0,0.0,0.0,0.3752249,0.5031021,0.48843014,0.50015897,0.0,0.0,0.0,0.0,0.0,0.0,0.0,0.0,0.5589355,0.0,0.0,0.0,0.0,0.0,0.0,0.6452515,0.0,0.0,0.0,0.0,0.0,0.0,0.0,0.0,0.0,0.4613445,0.0,0.0,0.0,0.0,0.4071203,0.0,0.0,0.0,0.0,0.0,0.0,0.0,0.40271607,0.0,0.0,0.0,0.29275393,0.0,0.38497052,0.0,0.0,0.49639922,0.4521173,0.0,0.3656785,0.0,0.0,0.0,0.0,0.0,0.0,0.0
0.0,0.0,0.0,0.0,0.0,0.0,0.0,0.0,0.0,0.0,0.0,0.32046282,0.0,0.42054853,0.0,0.3226325,0.0,0.0,0.0,0.0,0.0,0.0,0.0,0.0,0.0,0.0,0.0,0.0,0.0,0.34281054,0.0,0.0,0.0,0.0,0.0,0.0,0.0,0.0,0.0,0.0,0.0,0.38558233,0.0,0.0,0.0,0.0,0.0,0.0,0.0,0.0,0.0,0.0,0.0,0.0,0.0,0.48967966,0.0,0.0,0.0,0.0,0.0,0.0,0.49205402,0.0,0.0,0.0,0.0,0.0,0.0,0.0,0.0,0.47643903,0.0,0.0,0.0,0.43624216,0.5408584,0.0,0.0,0.0,0.0,0.0,0.0,0.0,0.0,0.0,0.0,0.0,0.0,0.0
0.0,0.0,0.0,0.0,0.0,0.0,0.0,0.0,0.31085512,0.0,0.0,0.0,0.0,0.0,0.0,0.0,0.0,0.0,0.0,0.0,0.0,0.0,0.0,0.0,0.0,0.0,0.0,0.0,0.0,0.0,0.0,0.0,0.0,0.0,0.0,0.0,0.0,0.0,0.0,0.0,0.0,0.0,0.0,0.0,0.0,0.0,0.0,0.0,0.0,0.0,0.0,0.0,0.0,0.0,0.0,0.0,0.0,0.0,0.0,0.0,0.0,0.0,0.0,0.0,0.0,0.0,0.0,0.0,0.0,0.0,0.3524476,0.0,0.29275393,0.0,0.0,0.0,0.37193227,0.0,0.0,0.0,0.0,0.0,0.0,0.0,0.0,0.0,0.0,0.0,0.0,0.0
0.0,0.0,0.0,0.0,0.0,0.0,0.0,0.0,0.0,0.0,0.0,0.61668867,0.0,0.4455517,0.0,0.0,0.0,0.0,0.0,0.0,0.0,0.0,0.0,0.0,0.0,0.0,0.0,0.0,0.0,0.45046145,0.0,0.0,0.0,0.0,0.0,0.0,0.63522047,0.0,0.0,0.0,0.0,0.0,0.0,0.0,0.0,0.0,0.0,0.0,0.0,0.0,0.0,0.0,0.0,0.0,0.0,0.0,0.0,0.0,0.0,0.0,0.0,0.0,0.0,0.0,0.0,0.0,0.0,0.0,0.0,0.0,0.0,0.2746592,0.0,0.43624216,0.0,0.0,0.0,0.0,0.0,0.0,0.0,0.0,0.0,0.0,0.0,0.0,0.0,0.0,0.0,0.0
0.4488797,0.0,0.0,0.0,0.0,0.0,0.0,0.0,0.0,0.0,0.44887918,0.0,0.44652635,0.0,0.0,0.0,0.0,0.0,0.0,0.0,0.0,0.0,0.0,0.0,0.0,0.0,0.0,0.0,0.47794992,0.0,0.4296773,0.0,0.49944523,0.45233622,0.35924992,0.5377726,0.429233,0.0,0.0,0.0,0.0,0.0,0.52459013,0.0,0.0,0.0,0.5292498,0.0,0.0,0.0,0.0,0.0,0.0,0.0,0.0,0.0,0.451014,0.0,0.3907775,0.42508137,0.4174883,0.0,0.48397145,0.0,0.0,0.0,0.38772282,0.0,0.41430518,0.0,0.3032395,0.0,0.38497052,0.5408584,0.37193227,0.0,0.0,0.0,0.50613356,0.0,0.393245,0.0,0.0,0.0,0.4101886,0.0,0.0,0.0,0.0,0.0
0.0,0.0,0.0,0.0,0.47194237,0.0,0.0,0.0,0.0,0.0,0.0,0.0,0.0,0.0,0.0,0.0,0.0,0.43966475,0.0,0.0,0.4957594,0.0,0.0,0.0,0.0,0.0,0.0,0.0,0.0,0.0,0.44270194,0.0,0.4751213,0.4861291,0.58836603,0.3132561,0.0,0.3607479,0.0,0.0,0.0,0.0,0.0,0.45833802,0.0,0.0,0.5378468,0.3741284,0.0,0.0,0.0,0.5055845,0.0,0.0,0.0,0.39115384,0.0,0.0,0.0,0.4313962,0.0,0.55732346,0.0,0.5474328,0.0,0.0,0.0,0.34566197,0.0,0.0,0.53540784,0.42682943,0.0,0.0,0.0,0.0,0.0,0.0,0.0,0.38429716,0.0,0.0,0.0,0.0,0.0,0.0,0.0,0.0,0.0,0.0
0.43597442,0.0,0.0,0.0,0.0,0.0,0.0,0.0,0.0,0.0,0.44069174,0.0,0.0,0.0,0.0,0.0,0.33674395,0.0,0.0,0.0,0.0,0.0,0.0,0.0,0.0,0.0,0.0,0.0,0.4954919,0.0,0.0,0.0,0.43707576,0.47372428,0.49250844,0.49835256,0.0,0.0,0.0,0.0,0.0,0.0,0.0,0.0,0.0,0.0,0.0,0.0,0.0,0.0,0.0,0.0,0.0,0.0,0.0,0.0,0.46804163,0.0,0.0,0.0,0.0,0.0,0.3544784,0.0,0.0,0.45555687,0.0,0.0,0.0,0.0,0.0,0.0,0.0,0.0,0.0,0.0,0.50613356,0.0,0.0,0.0,0.41682172,0.0,0.27488372,0.0,0.37426168,0.0,0.0,0.0,0.0,0.0
0.0,0.0,0.0,0.0,0.0,0.0,0.0,0.0,0.0,0.0,0.0,0.0,0.0,0.0,0.0,0.0,0.0,0.33160505,0.0,0.0,0.0,0.0,0.0,0.50847226,0.0,0.0,0.0,0.0,0.48925552,0.31582183,0.4979853,0.49511313,0.0,0.0,0.0,0.0,0.0,0.0,0.0,0.0,0.0,0.0,0.0,0.0,0.0,0.0,0.0,0.0,0.0,0.0,0.0,0.0,0.0,0.0,0.0,0.0,0.0,0.0,0.0,0.0,0.0,0.0,0.0,0.0,0.0,0.0,0.0,0.0,0.0,0.0,0.0,0.39088675,0.49639922,0.0,0.0,0.0,0.0,0.38429716,0.0,0.0,0.0,0.27909943,0.0,0.0,0.0,0.0,0.0,0.0,0.0,0.0
0.45895627,0.0,0.0,0.0,0.0,0.0,0.0,0.0,0.0,0.0,0.48281625,0.0,0.53424215,0.0,0.0,0.0,0.497291,0.0,0.0,0.0,0.0,0.0,0.0,0.0,0.0,0.0,0.0,0.0,0.49381736,0.0,0.0,0.0,0.45362863,0.4751288,0.4749799,0.4904735,0.33847466,0.5334803,0.33482647,0.533574,0.0,0.0,0.32007605,0.0,0.36393663,0.0,0.3192247,0.0,0.0,0.0,0.0,0.0,0.0,0.0,0.31767344,0.5325854,0.4372714,0.0,0.0,0.0,0.3958614,0.0,0.37170365,0.0,0.0,0.0,0.0,0.0,0.0,0.0,0.0,0.0,0.4521173,0.0,0.0,0.0,0.393245,0.0,0.41682172,0.0,0.0,0.0,0.44788027,0.0,0.33791742,0.0,0.0,0.0,0.31359866,0.0
0.0,0.0,0.0,0.0,0.0,0.0,0.0,0.0,0.0,0.0,0.0,0.0,0.0,0.0,0.0,0.0,0.0,0.0,0.0,0.0,0.0,0.0,0.0,0.0,0.0,0.0,0.0,0.0,0.0,0.0,0.0,0.0,0.0,0.0,0.0,0.0,0.0,0.0,0.0,0.0,0.0,0.0,0.0,0.0,0.0,0.0,0.0,0.0,0.0,0.0,0.0,0.0,0.0,0.0,0.0,0.0,0.0,0.0,0.0,0.0,0.0,0.0,0.0,0.0,0.0,0.0,0.0,0.0,0.0,0.0,0.0,0.0,0.0,0.0,0.0,0.0,0.0,0.0,0.0,0.27909943,0.0,0.0,0.0,0.0,0.0,0.0,0.0,0.0,0.0,0.0
0.0,0.0,0.0,0.0,0.0,0.0,0.0,0.0,0.0,0.0,0.0,0.0,0.0,0.0,0.0,0.0,0.30505976,0.0,0.0,0.0,0.0,0.0,0.0,0.0,0.0,0.0,0.0,0.0,0.3615246,0.0,0.0,0.0,0.0,0.0,0.0,0.0,0.3865652,0.0,0.0,0.0,0.30823162,0.0,0.0,0.0,0.0,0.0,0.0,0.0,0.0,0.0,0.0,0.0,0.0,0.0,0.0,0.0,0.0,0.0,0.0,0.0,0.0,0.0,0.0,0.0,0.0,0.0,0.0,0.0,0.0,0.0,0.37404123,0.0,0.3656785,0.0,0.0,0.0,0.0,0.0,0.27488372,0.0,0.44788027,0.0,0.0,0.0,0.259519,0.0,0.0,0.0,0.0,0.0
0.0,0.0,0.0,0.0,0.0,0.0,0.0,0.0,0.0,0.0,0.0,0.0,0.0,0.0,0.0,0.2928811,0.0,0.0,0.0,0.0,0.0,0.3041924,0.0,0.0,0.0,0.0,0.0,0.0,0.0,0.3014977,0.0,0.0,0.0,0.0,0.0,0.0,0.0,0.0,0.0,0.29344258,0.0,0.2675531,0.0,0.0,0.0,0.0,0.0,0.0,0.0,0.0,0.0,0.0,0.0,0.0,0.0,0.30584326,0.0,0.0,0.0,0.0,0.0,0.0,0.0,0.0,0.0,0.0,0.0,0.0,0.0,0.0,0.0,0.0,0.0,0.0,0.0,0.0,0.0,0.0,0.0,0.0,0.0,0.0,0.0,0.0,0.0,0.0,0.0,0.27639684,0.0,0.0
0.4434688,0.0,0.0,0.0,0.0,0.0,0.0,0.0,0.0,0.0,0.52027833,0.0,0.0,0.0,0.0,0.0,0.47281295,0.0,0.0,0.0,0.0,0.0,0.0,0.0,0.0,0.0,0.0,0.0,0.43371695,0.0,0.0,0.0,0.4285349,0.44507173,0.0,0.44797263,0.37973723,0.0,0.36443698,0.53610545,0.0,0.0,0.42296064,0.0,0.0,0.0,0.3764673,0.0,0.0,0.0,0.36078727,0.40417,0.3028743,0.0,0.3885902,0.0,0.43204737,0.0,0.0,0.0,0.0,0.0,0.34540918,0.0,0.3351228,0.0,0.40922177,0.46515882,0.0,0.0,0.0,0.0,0.0,0.0,0.0,0.0,0.4101886,0.0,0.37426168,0.0,0.33791742,0.0,0.259519,0.0,0.0,0.0,0.0,0.0,0.32118085,0.0
0.0,0.0,0.0,0.0,0.0,0.0,0.0,0.0,0.0,0.0,0.0,0.0,0.0,0.0,0.0,0.0,0.0,0.0,0.0,0.0,0.0,0.0,0.0,0.0,0.0,0.0,0.0,0.0,0.0,0.0,0.0,0.0,0.0,0.0,0.0,0.0,0.4638217,0.0,0.0,0.0,0.0,0.0,0.0,0.4924333,0.0,0.0,0.49476686,0.0,0.0,0.0,0.0,0.3725162,0.0,0.3023041,0.4402301,0.0,0.0,0.0,0.0,0.0,0.0,0.5329149,0.0,0.0,0.0,0.36999995,0.0,0.0,0.0,0.0,0.0,0.0,0.0,0.0,0.0,0.0,0.0,0.0,0.0,0.0,0.0,0.0,0.0,0.0,0.0,0.0,0.0,0.0,0.0,0.0
0.0,0.0,0.0,0.0,0.0,0.0,0.0,0.0,0.0,0.0,0.0,0.0,0.0,0.0,0.0,0.0,0.0,0.0,0.0,0.0,0.0,0.0,0.0,0.0,0.0,0.0,0.0,0.0,0.0,0.0,0.0,0.0,0.0,0.0,0.0,0.0,0.0,0.0,0.0,0.0,0.0,0.0,0.0,0.0,0.0,0.0,0.0,0.0,0.0,0.0,0.0,0.0,0.0,0.0,0.0,0.0,0.0,0.0,0.0,0.0,0.0,0.0,0.0,0.0,0.0,0.0,0.0,0.0,0.0,0.0,0.0,0.0,0.0,0.0,0.0,0.0,0.0,0.0,0.0,0.0,0.0,0.0,0.0,0.0,0.0,0.0,0.0,0.0,0.0,0.0
0.0,0.0,0.0,0.0,0.0,0.0,0.0,0.0,0.0,0.0,0.0,0.0,0.0,0.0,0.0,0.0,0.0,0.0,0.0,0.0,0.0,0.0,0.0,0.0,0.0,0.0,0.0,0.0,0.0,0.0,0.0,0.0,0.0,0.0,0.0,0.0,0.0,0.0,0.0,0.3053011,0.0,0.0,0.0,0.0,0.0,0.0,0.0,0.0,0.0,0.0,0.0,0.0,0.0,0.0,0.0,0.3058061,0.0,0.0,0.0,0.0,0.0,0.0,0.0,0.0,0.0,0.0,0.0,0.0,0.0,0.0,0.0,0.0,0.0,0.0,0.0,0.0,0.0,0.0,0.0,0.0,0.0,0.0,0.0,0.27639684,0.0,0.0,0.0,0.0,0.0,0.0
